행정구역(시군구)별,연령별,총인구수 (명),남자인구수 (명),여자인구수 (명)
서울특별시,계,9422710,4563512,4859198
서울특별시,0세,39236,19977,19259
서울특별시,1세,43090,22212,20878
서울특별시,2세,43881,22424,21457
서울특별시,3세,46197,23982,22215
서울특별시,4세,49612,25867,23745
서울특별시,5세,53032,27071,25961
서울특별시,6세,59514,30380,29134
서울특별시,7세,65831,33542,32289
서울특별시,8세,66739,34050,32689
서울특별시,9세,65926,33960,31966
서울특별시,10세,72535,37183,35352
서울특별시,11세,71711,36847,34864
서울특별시,12세,74126,38098,36028
서울특별시,13세,69196,35590,33606
서울특별시,14세,72253,36961,35292
서울특별시,15세,78422,40551,37871
서울특별시,16세,73726,37770,35956
서울특별시,17세,70607,36459,34148
서울특별시,18세,77205,39118,38087
서울특별시,19세,86753,43086,43667
서울특별시,20세,88833,42585,46248
서울특별시,21세,98429,46518,51911
서울특별시,22세,120952,57164,63788
서울특별시,23세,129115,60129,68986
서울특별시,24세,136271,63254,73017
서울특별시,25세,149560,69251,80309
서울특별시,26세,157074,73830,83244
서울특별시,27세,165665,79821,85844
서울특별시,28세,167467,82700,84767
서울특별시,29세,167299,83027,84272
서울특별시,30세,170555,85078,85477
서울특별시,31세,165467,82441,83026
서울특별시,32세,149375,74964,74411
서울특별시,33세,142517,72054,70463
서울특별시,34세,138884,69619,69265
서울특별시,35세,131010,65336,65674
서울특별시,36세,129874,64604,65270
서울특별시,37세,131007,65546,65461
서울특별시,38세,127465,63527,63938
서울특별시,39세,138988,69703,69285
서울특별시,40세,146060,72585,73475
서울특별시,41세,153081,76432,76649
서울특별시,42세,150671,75211,75460
서울특별시,43세,150318,74097,76221
서울특별시,44세,133963,66036,67927
서울특별시,45세,134493,65837,68656
서울특별시,46세,133145,65974,67171
서울특별시,47세,137020,67494,69526
서울특별시,48세,145153,72099,73054
서울특별시,49세,155594,76320,79274
서울특별시,50세,158230,78097,80133
서울특별시,51세,163538,81364,82174
서울특별시,52세,164005,81085,82920
서울특별시,53세,157321,77941,79380
서울특별시,54세,158670,77902,80768
서울특별시,55세,143362,69452,73910
서울특별시,56세,136112,67377,68735
서울특별시,57세,139434,68552,70882
서울특별시,58세,140630,68540,72090
서울특별시,59세,128797,62858,65939
서울특별시,60세,146412,71996,74416
서울특별시,61세,139341,67375,71966
서울특별시,62세,154370,72875,81495
서울특별시,63세,146260,68910,77350
서울특별시,64세,135463,63992,71471
서울특별시,65세,131258,62385,68873
서울특별시,66세,122023,56700,65323
서울특별시,67세,119084,55526,63558
서울특별시,68세,121514,56283,65231
서울특별시,69세,95434,44073,51361
서울특별시,70세,98452,45698,52754
서울특별시,71세,81768,37757,44011
서울특별시,72세,74329,34309,40020
서울특별시,73세,80306,36486,43820
서울특별시,74세,76334,34647,41687
서울특별시,75세,76910,34600,42310
서울특별시,76세,73634,32988,40646
서울특별시,77세,52274,23159,29115
서울특별시,78세,54788,24387,30401
서울특별시,79세,52060,22570,29490
서울특별시,80세,58838,26173,32665
서울특별시,81세,53519,23309,30210
서울특별시,82세,40975,17369,23606
서울특별시,83세,37651,15430,22221
서울특별시,84세,33864,13487,20377
서울특별시,85세,28421,11008,17413
서울특별시,86세,24895,9067,15828
서울특별시,87세,21292,7544,13748
서울특별시,88세,17528,5829,11699
서울특별시,89세,13646,4293,9353
서울특별시,90세,10777,3255,7522
서울특별시,91세,8562,2377,6185
서울특별시,92세,6503,1683,4820
서울특별시,93세,5399,1335,4064
서울특별시,94세,4343,1093,3250
서울특별시,95세,2986,656,2330
서울특별시,96세,2178,451,1727
서울특별시,97세,1240,236,1004
서울특별시,98세,917,187,730
서울특별시,99세,746,179,567
서울특별시,100세 이상,1420,303,1117
종로구,계,140891,68079,72812
종로구,0세,407,201,206
종로구,1세,475,262,213
종로구,2세,467,223,244
종로구,3세,550,284,266
종로구,4세,520,258,262
종로구,5세,599,308,291
종로구,6세,709,361,348
종로구,7세,814,409,405
종로구,8세,807,415,392
종로구,9세,817,377,440
종로구,10세,938,493,445
종로구,11세,901,442,459
종로구,12세,982,485,497
종로구,13세,886,437,449
종로구,14세,959,466,493
종로구,15세,1096,566,530
종로구,16세,1000,482,518
종로구,17세,913,463,450
종로구,18세,1125,540,585
종로구,19세,1294,612,682
종로구,20세,1372,603,769
종로구,21세,1664,721,943
종로구,22세,1950,912,1038
종로구,23세,2193,1005,1188
종로구,24세,2280,1026,1254
종로구,25세,2337,1089,1248
종로구,26세,2532,1271,1261
종로구,27세,2628,1276,1352
종로구,28세,2539,1246,1293
종로구,29세,2504,1265,1239
종로구,30세,2510,1238,1272
종로구,31세,2321,1199,1122
종로구,32세,2113,1084,1029
종로구,33세,1913,968,945
종로구,34세,1806,926,880
종로구,35세,1759,860,899
종로구,36세,1695,781,914
종로구,37세,1670,817,853
종로구,38세,1692,827,865
종로구,39세,1834,943,891
종로구,40세,1891,924,967
종로구,41세,2048,991,1057
종로구,42세,2000,962,1038
종로구,43세,2056,1000,1056
종로구,44세,1783,891,892
종로구,45세,1806,810,996
종로구,46세,1854,907,947
종로구,47세,1855,914,941
종로구,48세,2078,995,1083
종로구,49세,2334,1125,1209
종로구,50세,2368,1151,1217
종로구,51세,2579,1321,1258
종로구,52세,2626,1330,1296
종로구,53세,2516,1236,1280
종로구,54세,2534,1243,1291
종로구,55세,2374,1134,1240
종로구,56세,2238,1126,1112
종로구,57세,2280,1138,1142
종로구,58세,2302,1133,1169
종로구,59세,2226,1125,1101
종로구,60세,2468,1310,1158
종로구,61세,2258,1206,1052
종로구,62세,2499,1212,1287
종로구,63세,2235,1097,1138
종로구,64세,2085,1054,1031
종로구,65세,1988,1015,973
종로구,66세,1909,917,992
종로구,67세,1852,936,916
종로구,68세,1848,898,950
종로구,69세,1394,690,704
종로구,70세,1524,752,772
종로구,71세,1233,588,645
종로구,72세,1057,467,590
종로구,73세,1239,562,677
종로구,74세,1144,516,628
종로구,75세,1261,569,692
종로구,76세,1187,528,659
종로구,77세,877,372,505
종로구,78세,1017,440,577
종로구,79세,922,374,548
종로구,80세,1079,485,594
종로구,81세,1022,409,613
종로구,82세,811,352,459
종로구,83세,784,315,469
종로구,84세,699,273,426
종로구,85세,580,222,358
종로구,86세,521,207,314
종로구,87세,452,168,284
종로구,88세,359,127,232
종로구,89세,301,111,190
종로구,90세,227,87,140
종로구,91세,167,56,111
종로구,92세,142,44,98
종로구,93세,107,27,80
종로구,94세,104,32,72
종로구,95세,56,7,49
종로구,96세,61,20,41
종로구,97세,25,11,14
종로구,98세,27,10,17
종로구,99세,17,6,11
종로구,100세 이상,34,10,24
중구,계,121250,58806,62444
중구,0세,544,271,273
중구,1세,555,271,284
중구,2세,582,298,284
중구,3세,553,282,271
중구,4세,541,279,262
중구,5세,556,279,277
중구,6세,652,319,333
중구,7세,657,351,306
중구,8세,579,299,280
중구,9세,647,329,318
중구,10세,627,320,307
중구,11세,627,320,307
중구,12세,581,286,295
중구,13세,529,282,247
중구,14세,544,263,281
중구,15세,651,309,342
중구,16세,600,319,281
중구,17세,585,287,298
중구,18세,696,359,337
중구,19세,908,396,512
중구,20세,977,445,532
중구,21세,1129,525,604
중구,22세,1468,680,788
중구,23세,1633,753,880
중구,24세,1698,760,938
중구,25세,1941,843,1098
중구,26세,2039,937,1102
중구,27세,2160,1001,1159
중구,28세,2236,1116,1120
중구,29세,2399,1120,1279
중구,30세,2428,1188,1240
중구,31세,2455,1222,1233
중구,32세,2126,1071,1055
중구,33세,2072,1068,1004
중구,34세,2007,980,1027
중구,35세,1943,975,968
중구,36세,1795,906,889
중구,37세,1865,942,923
중구,38세,1726,879,847
중구,39세,1846,930,916
중구,40세,1894,914,980
중구,41세,1898,982,916
중구,42세,1836,936,900
중구,43세,1808,926,882
중구,44세,1546,796,750
중구,45세,1533,782,751
중구,46세,1469,735,734
중구,47세,1533,811,722
중구,48세,1628,821,807
중구,49세,1722,864,858
중구,50세,1823,892,931
중구,51세,1967,990,977
중구,52세,2049,987,1062
중구,53세,2066,1034,1032
중구,54세,2088,1027,1061
중구,55세,1944,1005,939
중구,56세,1787,957,830
중구,57세,1832,927,905
중구,58세,1979,966,1013
중구,59세,1785,922,863
중구,60세,2085,1086,999
중구,61세,1886,952,934
중구,62세,2150,1065,1085
중구,63세,1924,980,944
중구,64세,1884,897,987
중구,65세,1823,897,926
중구,66세,1773,901,872
중구,67세,1663,823,840
중구,68세,1733,858,875
중구,69세,1338,628,710
중구,70세,1341,656,685
중구,71세,1133,541,592
중구,72세,1035,498,537
중구,73세,1133,532,601
중구,74세,1066,483,583
중구,75세,1109,500,609
중구,76세,1056,447,609
중구,77세,775,317,458
중구,78세,835,374,461
중구,79세,805,340,465
중구,80세,919,383,536
중구,81세,901,368,533
중구,82세,664,280,384
중구,83세,619,247,372
중구,84세,568,217,351
중구,85세,448,154,294
중구,86세,427,139,288
중구,87세,391,123,268
중구,88세,297,94,203
중구,89세,248,57,191
중구,90세,200,53,147
중구,91세,156,50,106
중구,92세,124,31,93
중구,93세,114,30,84
중구,94세,91,27,64
중구,95세,75,19,56
중구,96세,41,6,35
중구,97세,21,5,16
중구,98세,12,2,10
중구,99세,16,6,10
중구,100세 이상,27,6,21
용산구,계,217611,104580,113031
용산구,0세,1038,512,526
용산구,1세,1018,535,483
용산구,2세,1057,536,521
용산구,3세,1097,573,524
용산구,4세,1116,587,529
용산구,5세,1157,571,586
용산구,6세,1226,624,602
용산구,7세,1341,692,649
용산구,8세,1308,649,659
용산구,9세,1287,645,642
용산구,10세,1377,715,662
용산구,11세,1340,694,646
용산구,12세,1344,681,663
용산구,13세,1239,628,611
용산구,14세,1363,666,697
용산구,15세,1427,717,710
용산구,16세,1396,742,654
용산구,17세,1344,680,664
용산구,18세,1586,803,783
용산구,19세,1705,826,879
용산구,20세,1876,867,1009
용산구,21세,2084,944,1140
용산구,22세,2583,1179,1404
용산구,23세,2796,1233,1563
용산구,24세,2971,1355,1616
용산구,25세,3189,1414,1775
용산구,26세,3496,1637,1859
용산구,27세,3872,1822,2050
용산구,28세,4141,1959,2182
용산구,29세,4236,2061,2175
용산구,30세,4591,2285,2306
용산구,31세,4465,2198,2267
용산구,32세,4212,2125,2087
용산구,33세,3926,1969,1957
용산구,34세,3686,1842,1844
용산구,35세,3485,1700,1785
용산구,36세,3407,1680,1727
용산구,37세,3506,1736,1770
용산구,38세,3230,1615,1615
용산구,39세,3491,1783,1708
용산구,40세,3493,1696,1797
용산구,41세,3528,1820,1708
용산구,42세,3567,1816,1751
용산구,43세,3402,1664,1738
용산구,44세,2873,1403,1470
용산구,45세,3014,1503,1511
용산구,46세,2790,1345,1445
용산구,47세,2959,1447,1512
용산구,48세,3142,1508,1634
용산구,49세,3412,1671,1741
용산구,50세,3558,1709,1849
용산구,51세,3896,1888,2008
용산구,52세,3863,1896,1967
용산구,53세,3724,1837,1887
용산구,54세,3786,1861,1925
용산구,55세,3425,1672,1753
용산구,56세,3096,1530,1566
용산구,57세,3340,1620,1720
용산구,58세,3224,1634,1590
용산구,59세,3093,1523,1570
용산구,60세,3407,1685,1722
용산구,61세,3306,1688,1618
용산구,62세,3445,1658,1787
용산구,63세,3281,1597,1684
용산구,64세,3023,1467,1556
용산구,65세,3009,1478,1531
용산구,66세,2726,1309,1417
용산구,67세,2623,1250,1373
용산구,68세,2572,1257,1315
용산구,69세,2118,1001,1117
용산구,70세,2062,944,1118
용산구,71세,1645,742,903
용산구,72세,1597,742,855
용산구,73세,1708,756,952
용산구,74세,1659,785,874
용산구,75세,1684,714,970
용산구,76세,1492,625,867
용산구,77세,1206,503,703
용산구,78세,1285,510,775
용산구,79세,1201,512,689
용산구,80세,1404,605,799
용산구,81세,1354,534,820
용산구,82세,1057,456,601
용산구,83세,996,356,640
용산구,84세,937,355,582
용산구,85세,881,308,573
용산구,86세,754,264,490
용산구,87세,626,213,413
용산구,88세,520,186,334
용산구,89세,424,150,274
용산구,90세,307,94,213
용산구,91세,291,86,205
용산구,92세,204,70,134
용산구,93세,166,50,116
용산구,94세,156,39,117
용산구,95세,94,20,74
용산구,96세,49,4,45
용산구,97세,37,12,25
용산구,98세,32,10,22
용산구,99세,28,12,16
용산구,100세 이상,51,10,41
성동구,계,279980,136059,143921
성동구,0세,1448,758,690
성동구,1세,1717,882,835
성동구,2세,1687,882,805
성동구,3세,1676,886,790
성동구,4세,1769,893,876
성동구,5세,1827,939,888
성동구,6세,1936,997,939
성동구,7세,1842,943,899
성동구,8세,1963,989,974
성동구,9세,1777,891,886
성동구,10세,1881,929,952
성동구,11세,1782,885,897
성동구,12세,1695,868,827
성동구,13세,1540,791,749
성동구,14세,1690,836,854
성동구,15세,1918,967,951
성동구,16세,1775,892,883
성동구,17세,1791,922,869
성동구,18세,2057,1022,1035
성동구,19세,2510,1157,1353
성동구,20세,2589,1133,1456
성동구,21세,2968,1347,1621
성동구,22세,3815,1883,1932
성동구,23세,4090,2038,2052
성동구,24세,4232,2053,2179
성동구,25세,4648,2256,2392
성동구,26세,4712,2293,2419
성동구,27세,5000,2530,2470
성동구,28세,4940,2508,2432
성동구,29세,4856,2413,2443
성동구,30세,4934,2432,2502
성동구,31세,4879,2410,2469
성동구,32세,4555,2198,2357
성동구,33세,4503,2145,2358
성동구,34세,4478,2113,2365
성동구,35세,4444,2111,2333
성동구,36세,4310,2117,2193
성동구,37세,4407,2259,2148
성동구,38세,4275,2108,2167
성동구,39세,4548,2284,2264
성동구,40세,4639,2369,2270
성동구,41세,4733,2408,2325
성동구,42세,4562,2335,2227
성동구,43세,4390,2224,2166
성동구,44세,3754,1893,1861
성동구,45세,3815,1873,1942
성동구,46세,3715,1921,1794
성동구,47세,3822,1890,1932
성동구,48세,4004,1921,2083
성동구,49세,4370,2111,2259
성동구,50세,4477,2224,2253
성동구,51세,4717,2270,2447
성동구,52세,4893,2394,2499
성동구,53세,4851,2425,2426
성동구,54세,4766,2318,2448
성동구,55세,4452,2188,2264
성동구,56세,4042,2063,1979
성동구,57세,4337,2120,2217
성동구,58세,4292,2138,2154
성동구,59세,3980,1994,1986
성동구,60세,4464,2229,2235
성동구,61세,4350,2177,2173
성동구,62세,4645,2329,2316
성동구,63세,4344,2115,2229
성동구,64세,3984,1980,2004
성동구,65세,3817,1878,1939
성동구,66세,3563,1687,1876
성동구,67세,3319,1556,1763
성동구,68세,3339,1592,1747
성동구,69세,2660,1246,1414
성동구,70세,2627,1245,1382
성동구,71세,2187,1012,1175
성동구,72세,2130,981,1149
성동구,73세,2224,1029,1195
성동구,74세,2064,925,1139
성동구,75세,2130,942,1188
성동구,76세,2139,933,1206
성동구,77세,1496,596,900
성동구,78세,1572,686,886
성동구,79세,1573,659,914
성동구,80세,1789,783,1006
성동구,81세,1571,662,909
성동구,82세,1260,490,770
성동구,83세,1142,463,679
성동구,84세,1000,375,625
성동구,85세,892,323,569
성동구,86세,793,267,526
성동구,87세,648,203,445
성동구,88세,525,171,354
성동구,89세,403,149,254
성동구,90세,304,95,209
성동구,91세,238,64,174
성동구,92세,181,42,139
성동구,93세,154,41,113
성동구,94세,123,33,90
성동구,95세,73,17,56
성동구,96세,64,15,49
성동구,97세,29,5,24
성동구,98세,27,8,19
성동구,99세,18,5,13
성동구,100세 이상,44,12,32
광진구,계,336558,162071,174487
광진구,0세,1149,581,568
광진구,1세,1256,678,578
광진구,2세,1300,644,656
광진구,3세,1362,720,642
광진구,4세,1477,730,747
광진구,5세,1509,792,717
광진구,6세,1774,907,867
광진구,7세,1978,1019,959
광진구,8세,2053,1042,1011
광진구,9세,2107,1127,980
광진구,10세,2244,1124,1120
광진구,11세,2261,1138,1123
광진구,12세,2332,1185,1147
광진구,13세,2189,1172,1017
광진구,14세,2354,1212,1142
광진구,15세,2572,1300,1272
광진구,16세,2443,1190,1253
광진구,17세,2293,1168,1125
광진구,18세,2605,1270,1335
광진구,19세,3025,1506,1519
광진구,20세,3196,1427,1769
광진구,21세,3724,1685,2039
광진구,22세,5017,2312,2705
광진구,23세,5685,2653,3032
광진구,24세,6156,2828,3328
광진구,25세,6698,3025,3673
광진구,26세,7114,3267,3847
광진구,27세,7420,3503,3917
광진구,28세,7421,3581,3840
광진구,29세,7248,3532,3716
광진구,30세,7280,3620,3660
광진구,31세,6833,3400,3433
광진구,32세,5919,3027,2892
광진구,33세,5667,2853,2814
광진구,34세,5305,2666,2639
광진구,35세,4923,2421,2502
광진구,36세,4673,2314,2359
광진구,37세,4780,2349,2431
광진구,38세,4488,2238,2250
광진구,39세,4820,2335,2485
광진구,40세,5026,2470,2556
광진구,41세,5196,2551,2645
광진구,42세,5120,2471,2649
광진구,43세,5001,2450,2551
광진구,44세,4523,2196,2327
광진구,45세,4564,2287,2277
광진구,46세,4537,2225,2312
광진구,47세,4654,2343,2311
광진구,48세,4868,2385,2483
광진구,49세,5270,2596,2674
광진구,50세,5425,2623,2802
광진구,51세,5673,2792,2881
광진구,52세,5695,2782,2913
광진구,53세,5538,2598,2940
광진구,54세,5628,2746,2882
광진구,55세,5234,2545,2689
광진구,56세,5023,2437,2586
광진구,57세,5078,2463,2615
광진구,58세,5050,2505,2545
광진구,59세,4546,2257,2289
광진구,60세,5303,2622,2681
광진구,61세,4962,2429,2533
광진구,62세,5395,2573,2822
광진구,63세,5169,2452,2717
광진구,64세,4727,2243,2484
광진구,65세,4489,2158,2331
광진구,66세,4152,1942,2210
광진구,67세,4034,1897,2137
광진구,68세,3944,1852,2092
광진구,69세,3094,1464,1630
광진구,70세,3286,1519,1767
광진구,71세,2560,1166,1394
광진구,72세,2338,1086,1252
광진구,73세,2413,1119,1294
광진구,74세,2461,1135,1326
광진구,75세,2515,1101,1414
광진구,76세,2306,1049,1257
광진구,77세,1653,756,897
광진구,78세,1731,815,916
광진구,79세,1675,700,975
광진구,80세,1877,861,1016
광진구,81세,1693,703,990
광진구,82세,1336,593,743
광진구,83세,1243,529,714
광진구,84세,1142,472,670
광진구,85세,902,368,534
광진구,86세,795,278,517
광진구,87세,691,226,465
광진구,88세,562,173,389
광진구,89세,457,152,305
광진구,90세,313,102,211
광진구,91세,281,75,206
광진구,92세,180,49,131
광진구,93세,152,43,109
광진구,94세,131,31,100
광진구,95세,96,27,69
광진구,96세,55,10,45
광진구,97세,40,8,32
광진구,98세,40,12,28
광진구,99세,24,4,20
광진구,100세 이상,42,14,28
동대문구,계,337692,165936,171756
동대문구,0세,1336,662,674
동대문구,1세,1483,765,718
동대문구,2세,1613,817,796
동대문구,3세,1775,876,899
동대문구,4세,1734,848,886
동대문구,5세,1858,969,889
동대문구,6세,2019,1040,979
동대문구,7세,2220,1163,1057
동대문구,8세,2187,1109,1078
동대문구,9세,2033,1020,1013
동대문구,10세,2285,1196,1089
동대문구,11세,2153,1105,1048
동대문구,12세,2176,1130,1046
동대문구,13세,2076,1074,1002
동대문구,14세,2111,1066,1045
동대문구,15세,2336,1220,1116
동대문구,16세,2106,1064,1042
동대문구,17세,2033,1048,985
동대문구,18세,2503,1251,1252
동대문구,19세,3287,1504,1783
동대문구,20세,3700,1517,2183
동대문구,21세,4410,1835,2575
동대문구,22세,5719,2558,3161
동대문구,23세,5962,2751,3211
동대문구,24세,6190,2951,3239
동대문구,25세,6363,3152,3211
동대문구,26세,6267,3073,3194
동대문구,27세,6232,3176,3056
동대문구,28세,6035,3132,2903
동대문구,29세,5698,2922,2776
동대문구,30세,5837,3029,2808
동대문구,31세,5449,2818,2631
동대문구,32세,5032,2556,2476
동대문구,33세,4763,2452,2311
동대문구,34세,4689,2367,2322
동대문구,35세,4481,2332,2149
동대문구,36세,4609,2402,2207
동대문구,37세,4440,2302,2138
동대문구,38세,4452,2252,2200
동대문구,39세,4806,2540,2266
동대문구,40세,5157,2633,2524
동대문구,41세,5279,2658,2621
동대문구,42세,5113,2688,2425
동대문구,43세,4974,2567,2407
동대문구,44세,4504,2336,2168
동대문구,45세,4402,2277,2125
동대문구,46세,4360,2250,2110
동대문구,47세,4464,2296,2168
동대문구,48세,4862,2533,2329
동대문구,49세,5036,2570,2466
동대문구,50세,5360,2703,2657
동대문구,51세,5413,2775,2638
동대문구,52세,5591,2791,2800
동대문구,53세,5473,2776,2697
동대문구,54세,5517,2754,2763
동대문구,55세,4869,2437,2432
동대문구,56세,4929,2560,2369
동대문구,57세,5006,2538,2468
동대문구,58세,5018,2535,2483
동대문구,59세,4540,2268,2272
동대문구,60세,5175,2617,2558
동대문구,61세,5060,2502,2558
동대문구,62세,5654,2782,2872
동대문구,63세,5337,2561,2776
동대문구,64세,4997,2471,2526
동대문구,65세,4848,2332,2516
동대문구,66세,4490,2142,2348
동대문구,67세,4473,2183,2290
동대문구,68세,4502,2129,2373
동대문구,69세,3589,1748,1841
동대문구,70세,3708,1738,1970
동대문구,71세,3084,1396,1688
동대문구,72세,2815,1341,1474
동대문구,73세,2936,1358,1578
동대문구,74세,2909,1273,1636
동대문구,75세,2985,1309,1676
동대문구,76세,2874,1254,1620
동대문구,77세,2150,937,1213
동대문구,78세,2232,967,1265
동대문구,79세,2154,900,1254
동대문구,80세,2516,1115,1401
동대문구,81세,2221,953,1268
동대문구,82세,1744,739,1005
동대문구,83세,1547,632,915
동대문구,84세,1423,552,871
동대문구,85세,1155,445,710
동대문구,86세,1030,379,651
동대문구,87세,842,318,524
동대문구,88세,712,242,470
동대문구,89세,558,185,373
동대문구,90세,420,135,285
동대문구,91세,305,79,226
동대문구,92세,237,70,167
동대문구,93세,203,51,152
동대문구,94세,150,47,103
동대문구,95세,103,20,83
동대문구,96세,71,9,62
동대문구,97세,42,13,29
동대문구,98세,30,7,23
동대문구,99세,28,5,23
동대문구,100세 이상,58,11,47
중랑구,계,384867,189099,195768
중랑구,0세,1786,884,902
중랑구,1세,1751,855,896
중랑구,2세,1649,847,802
중랑구,3세,1772,910,862
중랑구,4세,1964,1018,946
중랑구,5세,2052,1016,1036
중랑구,6세,2179,1118,1061
중랑구,7세,2306,1192,1114
중랑구,8세,2259,1161,1098
중랑구,9세,2280,1174,1106
중랑구,10세,2418,1272,1146
중랑구,11세,2438,1281,1157
중랑구,12세,2338,1182,1156
중랑구,13세,2225,1138,1087
중랑구,14세,2346,1171,1175
중랑구,15세,2488,1274,1214
중랑구,16세,2498,1313,1185
중랑구,17세,2392,1244,1148
중랑구,18세,2582,1285,1297
중랑구,19세,2917,1433,1484
중랑구,20세,3049,1470,1579
중랑구,21세,3527,1720,1807
중랑구,22세,4246,2048,2198
중랑구,23세,4613,2152,2461
중랑구,24세,4975,2392,2583
중랑구,25세,5518,2639,2879
중랑구,26세,5837,2744,3093
중랑구,27세,6397,3113,3284
중랑구,28세,6623,3217,3406
중랑구,29세,6801,3378,3423
중랑구,30세,7018,3530,3488
중랑구,31세,6800,3392,3408
중랑구,32세,6055,3014,3041
중랑구,33세,5814,3012,2802
중랑구,34세,5646,2989,2657
중랑구,35세,5395,2760,2635
중랑구,36세,5153,2667,2486
중랑구,37세,5281,2700,2581
중랑구,38세,5097,2634,2463
중랑구,39세,5379,2837,2542
중랑구,40세,5683,2960,2723
중랑구,41세,5987,3161,2826
중랑구,42세,5859,3064,2795
중랑구,43세,5862,3134,2728
중랑구,44세,4958,2594,2364
중랑구,45세,4947,2579,2368
중랑구,46세,4743,2479,2264
중랑구,47세,5078,2611,2467
중랑구,48세,5304,2696,2608
중랑구,49세,5993,3011,2982
중랑구,50세,6082,3045,3037
중랑구,51세,6428,3260,3168
중랑구,52세,6735,3392,3343
중랑구,53세,6648,3297,3351
중랑구,54세,6998,3361,3637
중랑구,55세,6596,3131,3465
중랑구,56세,6491,3222,3269
중랑구,57세,6470,3240,3230
중랑구,58세,6674,3311,3363
중랑구,59세,6027,2936,3091
중랑구,60세,7161,3532,3629
중랑구,61세,6844,3372,3472
중랑구,62세,7571,3637,3934
중랑구,63세,7204,3493,3711
중랑구,64세,6419,3103,3316
중랑구,65세,6254,3123,3131
중랑구,66세,5722,2674,3048
중랑구,67세,5567,2686,2881
중랑구,68세,5716,2735,2981
중랑구,69세,4412,2079,2333
중랑구,70세,4471,2137,2334
중랑구,71세,3781,1757,2024
중랑구,72세,3319,1568,1751
중랑구,73세,3608,1652,1956
중랑구,74세,3432,1559,1873
중랑구,75세,3385,1535,1850
중랑구,76세,3327,1496,1831
중랑구,77세,2311,1026,1285
중랑구,78세,2406,1035,1371
중랑구,79세,2329,1023,1306
중랑구,80세,2653,1152,1501
중랑구,81세,2431,1050,1381
중랑구,82세,1759,756,1003
중랑구,83세,1730,689,1041
중랑구,84세,1435,573,862
중랑구,85세,1184,471,713
중랑구,86세,1055,414,641
중랑구,87세,862,285,577
중랑구,88세,726,230,496
중랑구,89세,575,170,405
중랑구,90세,443,129,314
중랑구,91세,324,83,241
중랑구,92세,274,53,221
중랑구,93세,197,50,147
중랑구,94세,162,26,136
중랑구,95세,134,34,100
중랑구,96세,92,24,68
중랑구,97세,49,5,44
중랑구,98세,39,9,30
중랑구,99세,26,4,22
중랑구,100세 이상,51,10,41
성북구,계,429751,206367,223384
성북구,0세,1719,860,859
성북구,1세,2041,1084,957
성북구,2세,2025,1018,1007
성북구,3세,2176,1100,1076
성북구,4세,2395,1267,1128
성북구,5세,2459,1270,1189
성북구,6세,2914,1445,1469
성북구,7세,3215,1613,1602
성북구,8세,3147,1617,1530
성북구,9세,3161,1614,1547
성북구,10세,3392,1711,1681
성북구,11세,3409,1750,1659
성북구,12세,3504,1768,1736
성북구,13세,3211,1640,1571
성북구,14세,3298,1658,1640
성북구,15세,3715,1951,1764
성북구,16세,3558,1798,1760
성북구,17세,3322,1714,1608
성북구,18세,4007,2042,1965
성북구,19세,4802,2255,2547
성북구,20세,5243,2244,2999
성북구,21세,5827,2481,3346
성북구,22세,7027,3167,3860
성북구,23세,7035,3275,3760
성북구,24세,6829,3251,3578
성북구,25세,7046,3424,3622
성북구,26세,6890,3379,3511
성북구,27세,6750,3304,3446
성북구,28세,6466,3259,3207
성북구,29세,6356,3250,3106
성북구,30세,6375,3300,3075
성북구,31세,6275,3163,3112
성북구,32세,5595,2798,2797
성북구,33세,5503,2793,2710
성북구,34세,5501,2745,2756
성북구,35세,5346,2595,2751
성북구,36세,5266,2598,2668
성북구,37세,5543,2743,2800
성북구,38세,5483,2713,2770
성북구,39세,6032,3076,2956
성북구,40세,6400,3145,3255
성북구,41세,6708,3364,3344
성북구,42세,6634,3291,3343
성북구,43세,6683,3246,3437
성북구,44세,6027,2958,3069
성북구,45세,5901,2883,3018
성북구,46세,6024,2957,3067
성북구,47세,6380,3087,3293
성북구,48세,6887,3381,3506
성북구,49세,7589,3633,3956
성북구,50세,7719,3815,3904
성북구,51세,8049,4012,4037
성북구,52세,7953,3879,4074
성북구,53세,7624,3830,3794
성북구,54세,7537,3752,3785
성북구,55세,6737,3380,3357
성북구,56세,6374,3131,3243
성북구,57세,6269,3094,3175
성북구,58세,6376,3111,3265
성북구,59세,5781,2805,2976
성북구,60세,6387,3073,3314
성북구,61세,6139,2922,3217
성북구,62세,6964,3279,3685
성북구,63세,6456,3021,3435
성북구,64세,5890,2829,3061
성북구,65세,5957,2777,3180
성북구,66세,5321,2459,2862
성북구,67세,5260,2441,2819
성북구,68세,5385,2476,2909
성북구,69세,4166,1885,2281
성북구,70세,4368,2027,2341
성북구,71세,3600,1643,1957
성북구,72세,3246,1491,1755
성북구,73세,3685,1577,2108
성북구,74세,3493,1506,1987
성북구,75세,3574,1486,2088
성북구,76세,3427,1473,1954
성북구,77세,2433,1036,1397
성북구,78세,2645,1093,1552
성북구,79세,2622,1090,1532
성북구,80세,2987,1269,1718
성북구,81세,2814,1211,1603
성북구,82세,2116,866,1250
성북구,83세,1947,767,1180
성북구,84세,1768,668,1100
성북구,85세,1503,593,910
성북구,86세,1228,451,777
성북구,87세,1099,388,711
성북구,88세,928,307,621
성북구,89세,625,199,426
성북구,90세,514,170,344
성북구,91세,420,106,314
성북구,92세,340,91,249
성북구,93세,268,73,195
성북구,94세,220,57,163
성북구,95세,143,24,119
성북구,96세,118,21,97
성북구,97세,61,11,50
성북구,98세,39,4,35
성북구,99세,30,8,22
성북구,100세 이상,55,12,43
강북구,계,292383,141837,150546
강북구,0세,794,384,410
강북구,1세,971,491,480
강북구,2세,990,498,492
강북구,3세,997,534,463
강북구,4세,1171,652,519
강북구,5세,1346,671,675
강북구,6세,1410,715,695
강북구,7세,1539,778,761
강북구,8세,1562,816,746
강북구,9세,1677,853,824
강북구,10세,1828,966,862
강북구,11세,1857,958,899
강북구,12세,1927,998,929
강북구,13세,1729,882,847
강북구,14세,1895,944,951
강북구,15세,1991,1049,942
강북구,16세,1955,1026,929
강북구,17세,1971,983,988
강북구,18세,2137,1028,1109
강북구,19세,2552,1229,1323
강북구,20세,2746,1276,1470
강북구,21세,3135,1414,1721
강북구,22세,3739,1737,2002
강북구,23세,3901,1822,2079
강북구,24세,4023,1839,2184
강북구,25세,4154,2032,2122
강북구,26세,4394,2136,2258
강북구,27세,4427,2254,2173
강북구,28세,4450,2267,2183
강북구,29세,4356,2234,2122
강북구,30세,4445,2339,2106
강북구,31세,4152,2138,2014
강북구,32세,3630,1863,1767
강북구,33세,3467,1827,1640
강북구,34세,3391,1783,1608
강북구,35세,3202,1679,1523
강북구,36세,3199,1698,1501
강북구,37세,3256,1724,1532
강북구,38세,3313,1764,1549
강북구,39세,3599,1909,1690
강북구,40세,3929,2029,1900
강북구,41세,4096,2140,1956
강북구,42세,4123,2234,1889
강북구,43세,4251,2203,2048
강북구,44세,3839,2014,1825
강북구,45세,3790,1897,1893
강북구,46세,3849,2025,1824
강북구,47세,4100,2046,2054
강북구,48세,4421,2251,2170
강북구,49세,4958,2459,2499
강북구,50세,5050,2614,2436
강북구,51세,5341,2678,2663
강북구,52세,5414,2747,2667
강북구,53세,5192,2500,2692
강북구,54세,5361,2651,2710
강북구,55세,5049,2429,2620
강북구,56세,4685,2307,2378
강북구,57세,4910,2394,2516
강북구,58세,4918,2441,2477
강북구,59세,4612,2255,2357
강북구,60세,5202,2584,2618
강북구,61세,4961,2367,2594
강북구,62세,5652,2630,3022
강북구,63세,5438,2503,2935
강북구,64세,4893,2313,2580
강북구,65세,4769,2329,2440
강북구,66세,4438,2085,2353
강북구,67세,4404,2027,2377
강북구,68세,4548,2102,2446
강북구,69세,3548,1586,1962
강북구,70세,3651,1632,2019
강북구,71세,3230,1436,1794
강북구,72세,2918,1273,1645
강북구,73세,3231,1367,1864
강북구,74세,3203,1348,1855
강북구,75세,3198,1376,1822
강북구,76세,3005,1272,1733
강북구,77세,2215,926,1289
강북구,78세,2396,983,1413
강북구,79세,2353,976,1377
강북구,80세,2689,1136,1553
강북구,81세,2490,1059,1431
강북구,82세,1791,748,1043
강북구,83세,1627,620,1007
강북구,84세,1461,547,914
강북구,85세,1188,464,724
강북구,86세,1063,443,620
강북구,87세,881,333,548
강북구,88세,675,252,423
강북구,89세,517,184,333
강북구,90세,361,115,246
강북구,91세,325,92,233
강북구,92세,221,64,157
강북구,93세,184,39,145
강북구,94세,171,57,114
강북구,95세,101,16,85
강북구,96세,68,15,53
강북구,97세,43,10,33
강북구,98세,37,2,35
강북구,99세,23,6,17
강북구,100세 이상,48,16,32
도봉구,계,310023,150535,159488
도봉구,0세,1003,507,496
도봉구,1세,1149,600,549
도봉구,2세,1122,583,539
도봉구,3세,1320,713,607
도봉구,4세,1349,704,645
도봉구,5세,1564,805,759
도봉구,6세,1678,843,835
도봉구,7세,1939,1001,938
도봉구,8세,2004,1058,946
도봉구,9세,1899,983,916
도봉구,10세,2150,1119,1031
도봉구,11세,2192,1099,1093
도봉구,12세,2288,1183,1105
도봉구,13세,2082,1080,1002
도봉구,14세,2207,1143,1064
도봉구,15세,2384,1262,1122
도봉구,16세,2338,1206,1132
도봉구,17세,2244,1155,1089
도봉구,18세,2434,1265,1169
도봉구,19세,2852,1436,1416
도봉구,20세,2798,1375,1423
도봉구,21세,3161,1573,1588
도봉구,22세,3609,1833,1776
도봉구,23세,3822,1862,1960
도봉구,24세,3836,1892,1944
도봉구,25세,4170,2051,2119
도봉구,26세,4176,2134,2042
도봉구,27세,4283,2123,2160
도봉구,28세,4322,2200,2122
도봉구,29세,4390,2275,2115
도봉구,30세,4397,2279,2118
도봉구,31세,4360,2232,2128
도봉구,32세,3839,1965,1874
도봉구,33세,3709,1930,1779
도봉구,34세,3603,1831,1772
도봉구,35세,3420,1736,1684
도봉구,36세,3468,1787,1681
도봉구,37세,3669,1885,1784
도봉구,38세,3610,1853,1757
도봉구,39세,3990,2078,1912
도봉구,40세,4249,2207,2042
도봉구,41세,4490,2269,2221
도봉구,42세,4541,2292,2249
도봉구,43세,4408,2255,2153
도봉구,44세,3891,1921,1970
도봉구,45세,4036,2015,2021
도봉구,46세,4048,2031,2017
도봉구,47세,4271,2050,2221
도봉구,48세,4718,2343,2375
도봉구,49세,5092,2482,2610
도봉구,50세,5277,2560,2717
도봉구,51세,5673,2776,2897
도봉구,52세,5790,2773,3017
도봉구,53세,5573,2671,2902
도봉구,54세,5924,2776,3148
도봉구,55세,5388,2531,2857
도봉구,56세,5209,2541,2668
도봉구,57세,5344,2535,2809
도봉구,58세,5362,2530,2832
도봉구,59세,4862,2342,2520
도봉구,60세,5749,2814,2935
도봉구,61세,5448,2509,2939
도봉구,62세,6277,2894,3383
도봉구,63세,5891,2760,3131
도봉구,64세,5403,2489,2914
도봉구,65세,5414,2620,2794
도봉구,66세,4998,2349,2649
도봉구,67세,4800,2273,2527
도봉구,68세,4926,2331,2595
도봉구,69세,3724,1743,1981
도봉구,70세,3901,1876,2025
도봉구,71세,3210,1498,1712
도봉구,72세,2914,1396,1518
도봉구,73세,3083,1435,1648
도봉구,74세,2895,1321,1574
도봉구,75세,3049,1426,1623
도봉구,76세,2894,1267,1627
도봉구,77세,2095,936,1159
도봉구,78세,2165,975,1190
도봉구,79세,2158,908,1250
도봉구,80세,2425,1065,1360
도봉구,81세,2328,1036,1292
도봉구,82세,1811,752,1059
도봉구,83세,1682,674,1008
도봉구,84세,1482,583,899
도봉구,85세,1199,475,724
도봉구,86세,1046,366,680
도봉구,87세,895,315,580
도봉구,88세,692,239,453
도봉구,89세,596,170,426
도봉구,90세,483,141,342
도봉구,91세,373,99,274
도봉구,92세,239,64,175
도봉구,93세,227,53,174
도봉구,94세,180,48,132
도봉구,95세,132,36,96
도봉구,96세,95,25,70
도봉구,97세,53,11,42
도봉구,98세,28,4,24
도봉구,99세,28,7,21
도봉구,100세 이상,59,13,46
노원구,계,501838,241168,260670
노원구,0세,2098,1095,1003
노원구,1세,2146,1087,1059
노원구,2세,2188,1163,1025
노원구,3세,2260,1173,1087
노원구,4세,2316,1216,1100
노원구,5세,2654,1366,1288
노원구,6세,3077,1523,1554
노원구,7세,3494,1791,1703
노원구,8세,3710,1873,1837
노원구,9세,3624,1895,1729
노원구,10세,4083,2146,1937
노원구,11세,4241,2193,2048
노원구,12세,4545,2361,2184
노원구,13세,4331,2245,2086
노원구,14세,4810,2474,2336
노원구,15세,5242,2797,2445
노원구,16세,4939,2547,2392
노원구,17세,4873,2540,2333
노원구,18세,5549,2826,2723
노원구,19세,6175,3097,3078
노원구,20세,5888,2879,3009
노원구,21세,6425,3156,3269
노원구,22세,7530,3824,3706
노원구,23세,7374,3859,3515
노원구,24세,7051,3675,3376
노원구,25세,7052,3674,3378
노원구,26세,6569,3365,3204
노원구,27세,6652,3421,3231
노원구,28세,6409,3215,3194
노원구,29세,6497,3276,3221
노원구,30세,6785,3434,3351
노원구,31세,6657,3283,3374
노원구,32세,6144,3074,3070
노원구,33세,6123,3055,3068
노원구,34세,6067,3050,3017
노원구,35세,5643,2869,2774
노원구,36세,5799,2965,2834
노원구,37세,5879,2924,2955
노원구,38세,5774,2912,2862
노원구,39세,6528,3164,3364
노원구,40세,7030,3432,3598
노원구,41세,7501,3621,3880
노원구,42세,7548,3723,3825
노원구,43세,7696,3595,4101
노원구,44세,6990,3357,3633
노원구,45세,7460,3493,3967
노원구,46세,7361,3458,3903
노원구,47세,7824,3681,4143
노원구,48세,8579,4096,4483
노원구,49세,9305,4398,4907
노원구,50세,9305,4520,4785
노원구,51세,9737,4585,5152
노원구,52세,9819,4779,5040
노원구,53세,9241,4484,4757
노원구,54세,9326,4553,4773
노원구,55세,8289,3950,4339
노원구,56세,7771,3876,3895
노원구,57세,7776,3733,4043
노원구,58세,7658,3648,4010
노원구,59세,6955,3329,3626
노원구,60세,8134,3905,4229
노원구,61세,7849,3737,4112
노원구,62세,8534,3978,4556
노원구,63세,7968,3657,4311
노원구,64세,7527,3435,4092
노원구,65세,7346,3412,3934
노원구,66세,6730,3070,3660
노원구,67세,6603,2953,3650
노원구,68세,6762,3153,3609
노원구,69세,5220,2446,2774
노원구,70세,5426,2499,2927
노원구,71세,4453,2046,2407
노원구,72세,4014,1830,2184
노원구,73세,4276,1910,2366
노원구,74세,4003,1744,2259
노원구,75세,4081,1771,2310
노원구,76세,3945,1640,2305
노원구,77세,2754,1158,1596
노원구,78세,2930,1215,1715
노원구,79세,2871,1178,1693
노원구,80세,3304,1336,1968
노원구,81세,3071,1199,1872
노원구,82세,2340,888,1452
노원구,83세,2135,824,1311
노원구,84세,1939,679,1260
노원구,85세,1748,583,1165
노원구,86세,1473,488,985
노원구,87세,1286,387,899
노원구,88세,1054,304,750
노원구,89세,845,241,604
노원구,90세,701,195,506
노원구,91세,531,146,385
노원구,92세,432,106,326
노원구,93세,335,92,243
노원구,94세,245,46,199
노원구,95세,196,42,154
노원구,96세,148,34,114
노원구,97세,66,5,61
노원구,98세,57,13,44
노원구,99세,50,14,36
노원구,100세 이상,84,16,68
은평구,계,464217,220904,243313
은평구,0세,1865,988,877
은평구,1세,2002,1015,987
은평구,2세,2069,1083,986
은평구,3세,2140,1119,1021
은평구,4세,2365,1176,1189
은평구,5세,2422,1231,1191
은평구,6세,2767,1430,1337
은평구,7세,3082,1549,1533
은평구,8세,3208,1635,1573
은평구,9세,3001,1564,1437
은평구,10세,3415,1742,1673
은평구,11세,3328,1691,1637
은평구,12세,3403,1762,1641
은평구,13세,3331,1675,1656
은평구,14세,3485,1812,1673
은평구,15세,3819,1953,1866
은평구,16세,3665,1902,1763
은평구,17세,3539,1859,1680
은평구,18세,3755,1899,1856
은평구,19세,4187,2081,2106
은평구,20세,4273,2149,2124
은평구,21세,4529,2225,2304
은평구,22세,5517,2628,2889
은평구,23세,5809,2737,3072
은평구,24세,6053,2811,3242
은평구,25세,6597,2956,3641
은평구,26세,7102,3139,3963
은평구,27세,7276,3370,3906
은평구,28세,7537,3563,3974
은평구,29세,7697,3627,4070
은평구,30세,7750,3703,4047
은평구,31세,7505,3615,3890
은평구,32세,6890,3315,3575
은평구,33세,6446,3271,3175
은평구,34세,6232,3000,3232
은평구,35세,5941,2914,3027
은평구,36세,5974,2891,3083
은평구,37세,6050,2973,3077
은평구,38세,5938,2966,2972
은평구,39세,6694,3372,3322
은평구,40세,7098,3491,3607
은평구,41세,7409,3776,3633
은평구,42세,7359,3725,3634
은평구,43세,7312,3562,3750
은평구,44세,6338,3132,3206
은평구,45세,6614,3250,3364
은평구,46세,6496,3210,3286
은평구,47세,6909,3406,3503
은평구,48세,7357,3546,3811
은평구,49세,7998,3906,4092
은평구,50세,8092,3949,4143
은평구,51세,8507,4163,4344
은평구,52세,8405,4077,4328
은평구,53세,8068,3897,4171
은평구,54세,8203,4008,4195
은평구,55세,7278,3408,3870
은평구,56세,7118,3467,3651
은평구,57세,7131,3358,3773
은평구,58세,7055,3347,3708
은평구,59세,6609,3138,3471
은평구,60세,7537,3611,3926
은평구,61세,7306,3447,3859
은평구,62세,7990,3715,4275
은평구,63세,7694,3551,4143
은평구,64세,7065,3322,3743
은평구,65세,6790,3121,3669
은평구,66세,6243,2870,3373
은평구,67세,6112,2820,3292
은평구,68세,6311,2804,3507
은평구,69세,4930,2201,2729
은평구,70세,5195,2334,2861
은평구,71세,4170,1838,2332
은평구,72세,4084,1791,2293
은평구,73세,4197,1851,2346
은평구,74세,4092,1818,2274
은평구,75세,4232,1779,2453
은평구,76세,3991,1750,2241
은평구,77세,2979,1271,1708
은평구,78세,2985,1242,1743
은평구,79세,2937,1190,1747
은평구,80세,3429,1468,1961
은평구,81세,3173,1399,1774
은평구,82세,2366,1003,1363
은평구,83세,2196,932,1264
은평구,84세,1982,772,1210
은평구,85세,1597,612,985
은평구,86세,1518,558,960
은평구,87세,1224,455,769
은평구,88세,981,322,659
은평구,89세,734,249,485
은평구,90세,534,166,368
은평구,91세,441,121,320
은평구,92세,312,87,225
은평구,93세,257,65,192
은평구,94세,195,70,125
은평구,95세,137,24,113
은평구,96세,92,22,70
은평구,97세,61,12,49
은평구,98세,44,9,35
은평구,99세,38,11,27
은평구,100세 이상,52,14,38
서대문구,계,308338,146684,161654
서대문구,0세,1337,674,663
서대문구,1세,1532,806,726
서대문구,2세,1513,744,769
서대문구,3세,1613,847,766
서대문구,4세,1718,923,795
서대문구,5세,1910,964,946
서대문구,6세,2063,1025,1038
서대문구,7세,2207,1128,1079
서대문구,8세,2277,1131,1146
서대문구,9세,2147,1065,1082
서대문구,10세,2270,1133,1137
서대문구,11세,2119,1080,1039
서대문구,12세,2243,1165,1078
서대문구,13세,2105,1046,1059
서대문구,14세,2104,1078,1026
서대문구,15세,2203,1103,1100
서대문구,16세,2233,1127,1106
서대문구,17세,2105,1053,1052
서대문구,18세,2426,1192,1234
서대문구,19세,2925,1366,1559
서대문구,20세,3364,1486,1878
서대문구,21세,3786,1614,2172
서대문구,22세,4630,1992,2638
서대문구,23세,4913,2254,2659
서대문구,24세,5268,2463,2805
서대문구,25세,5438,2511,2927
서대문구,26세,5456,2651,2805
서대문구,27세,5610,2738,2872
서대문구,28세,5358,2674,2684
서대문구,29세,5219,2583,2636
서대문구,30세,5190,2595,2595
서대문구,31세,5082,2577,2505
서대문구,32세,4583,2233,2350
서대문구,33세,4431,2199,2232
서대문구,34세,4348,2063,2285
서대문구,35세,4115,2010,2105
서대문구,36세,4175,2061,2114
서대문구,37세,4247,2118,2129
서대문구,38세,4179,2057,2122
서대문구,39세,4481,2198,2283
서대문구,40세,4687,2335,2352
서대문구,41세,4871,2426,2445
서대문구,42세,4785,2388,2397
서대문구,43세,4567,2279,2288
서대문구,44세,4146,2048,2098
서대문구,45세,4153,2018,2135
서대문구,46세,4153,2023,2130
서대문구,47세,4224,2123,2101
서대문구,48세,4546,2257,2289
서대문구,49세,4955,2313,2642
서대문구,50세,5026,2424,2602
서대문구,51세,5429,2674,2755
서대문구,52세,5407,2630,2777
서대문구,53세,5266,2533,2733
서대문구,54세,5241,2544,2697
서대문구,55세,4738,2239,2499
서대문구,56세,4441,2177,2264
서대문구,57세,4613,2328,2285
서대문구,58세,4653,2181,2472
서대문구,59세,4136,1959,2177
서대문구,60세,4688,2291,2397
서대문구,61세,4413,2176,2237
서대문구,62세,4948,2287,2661
서대문구,63세,4622,2184,2438
서대문구,64세,4313,2065,2248
서대문구,65세,4144,1999,2145
서대문구,66세,3776,1715,2061
서대문구,67세,3673,1697,1976
서대문구,68세,3724,1705,2019
서대문구,69세,2894,1347,1547
서대문구,70세,3070,1437,1633
서대문구,71세,2425,1074,1351
서대문구,72세,2282,1000,1282
서대문구,73세,2571,1082,1489
서대문구,74세,2379,965,1414
서대문구,75세,2542,1082,1460
서대문구,76세,2573,1085,1488
서대문구,77세,1788,768,1020
서대문구,78세,1901,797,1104
서대문구,79세,1851,732,1119
서대문구,80세,2267,942,1325
서대문구,81세,2088,867,1221
서대문구,82세,1537,618,919
서대문구,83세,1550,576,974
서대문구,84세,1368,541,827
서대문구,85세,1132,423,709
서대문구,86세,1036,392,644
서대문구,87세,916,335,581
서대문구,88세,703,246,457
서대문구,89세,508,164,344
서대문구,90세,421,130,291
서대문구,91세,308,101,207
서대문구,92세,246,62,184
서대문구,93세,226,57,169
서대문구,94세,143,45,98
서대문구,95세,113,28,85
서대문구,96세,88,16,72
서대문구,97세,40,9,31
서대문구,98세,34,4,30
서대문구,99세,20,2,18
서대문구,100세 이상,57,12,45
마포구,계,365287,171058,194229
마포구,0세,1649,845,804
마포구,1세,1782,900,882
마포구,2세,1813,948,865
마포구,3세,1856,979,877
마포구,4세,2082,1096,986
마포구,5세,2078,1033,1045
마포구,6세,2533,1294,1239
마포구,7세,2637,1324,1313
마포구,8세,2553,1316,1237
마포구,9세,2382,1175,1207
마포구,10세,2700,1386,1314
마포구,11세,2542,1283,1259
마포구,12세,2678,1345,1333
마포구,13세,2529,1302,1227
마포구,14세,2626,1312,1314
마포구,15세,2916,1485,1431
마포구,16세,2613,1289,1324
마포구,17세,2624,1340,1284
마포구,18세,2794,1354,1440
마포구,19세,3254,1581,1673
마포구,20세,3429,1602,1827
마포구,21세,4003,1739,2264
마포구,22세,5047,2227,2820
마포구,23세,5541,2355,3186
마포구,24세,5996,2557,3439
마포구,25세,6500,2782,3718
마포구,26세,7047,3061,3986
마포구,27세,7419,3256,4163
마포구,28세,7445,3414,4031
마포구,29세,7396,3443,3953
마포구,30세,7691,3586,4105
마포구,31세,7363,3465,3898
마포구,32세,6641,3110,3531
마포구,33세,6195,2907,3288
마포구,34세,6148,2881,3267
마포구,35세,5876,2744,3132
마포구,36세,5894,2716,3178
마포구,37세,5883,2825,3058
마포구,38세,5715,2771,2944
마포구,39세,5998,2901,3097
마포구,40세,6154,3025,3129
마포구,41세,6317,3104,3213
마포구,42세,5984,2896,3088
마포구,43세,5933,2873,3060
마포구,44세,5320,2604,2716
마포구,45세,5312,2487,2825
마포구,46세,5469,2583,2886
마포구,47세,5446,2654,2792
마포구,48세,5755,2799,2956
마포구,49세,6175,3003,3172
마포구,50세,6289,3019,3270
마포구,51세,6467,3187,3280
마포구,52세,6331,3016,3315
마포구,53세,6019,3005,3014
마포구,54세,5871,2898,2973
마포구,55세,5268,2495,2773
마포구,56세,4799,2353,2446
마포구,57세,5009,2498,2511
마포구,58세,4958,2363,2595
마포구,59세,4435,2200,2235
마포구,60세,4949,2423,2526
마포구,61세,4690,2266,2424
마포구,62세,5097,2460,2637
마포구,63세,4777,2272,2505
마포구,64세,4289,1963,2326
마포구,65세,4115,1922,2193
마포구,66세,3871,1750,2121
마포구,67세,3722,1699,2023
마포구,68세,3756,1773,1983
마포구,69세,2878,1252,1626
마포구,70세,2995,1338,1657
마포구,71세,2515,1115,1400
마포구,72세,2321,983,1338
마포구,73세,2550,1073,1477
마포구,74세,2439,982,1457
마포구,75세,2523,1075,1448
마포구,76세,2461,977,1484
마포구,77세,1746,678,1068
마포구,78세,2020,858,1162
마포구,79세,1864,746,1118
마포구,80세,2196,945,1251
마포구,81세,2003,830,1173
마포구,82세,1619,635,984
마포구,83세,1441,584,857
마포구,84세,1303,492,811
마포구,85세,1107,422,685
마포구,86세,1005,356,649
마포구,87세,842,304,538
마포구,88세,685,229,456
마포구,89세,551,163,388
마포구,90세,442,145,297
마포구,91세,359,112,247
마포구,92세,269,77,192
마포구,93세,193,51,142
마포구,94세,179,41,138
마포구,95세,109,29,80
마포구,96세,73,14,59
마포구,97세,49,12,37
마포구,98세,21,4,17
마포구,99세,25,6,19
마포구,100세 이상,59,11,48
양천구,계,438848,214455,224393
양천구,0세,1516,749,767
양천구,1세,1718,916,802
양천구,2세,1920,986,934
양천구,3세,1956,1054,902
양천구,4세,2309,1233,1076
양천구,5세,2566,1273,1293
양천구,6세,3145,1625,1520
양천구,7세,3567,1795,1772
양천구,8세,3719,1894,1825
양천구,9세,4005,2054,1951
양천구,10세,4508,2283,2225
양천구,11세,4520,2373,2147
양천구,12세,4941,2550,2391
양천구,13세,4753,2486,2267
양천구,14세,4952,2576,2376
양천구,15세,5394,2856,2538
양천구,16세,4833,2491,2342
양천구,17세,4665,2466,2199
양천구,18세,4760,2470,2290
양천구,19세,4760,2464,2296
양천구,20세,4529,2364,2165
양천구,21세,4606,2369,2237
양천구,22세,5161,2651,2510
양천구,23세,5375,2704,2671
양천구,24세,5287,2649,2638
양천구,25세,5593,2770,2823
양천구,26세,5604,2787,2817
양천구,27세,5884,2944,2940
양천구,28세,5889,2967,2922
양천구,29세,5938,3008,2930
양천구,30세,5990,2985,3005
양천구,31세,5890,2980,2910
양천구,32세,5459,2804,2655
양천구,33세,5074,2587,2487
양천구,34세,4998,2489,2509
양천구,35세,4823,2410,2413
양천구,36세,4902,2353,2549
양천구,37세,5266,2592,2674
양천구,38세,5302,2545,2757
양천구,39세,6031,2916,3115
양천구,40세,6564,3129,3435
양천구,41세,7129,3447,3682
양천구,42세,7367,3475,3892
양천구,43세,7588,3604,3984
양천구,44세,7014,3308,3706
양천구,45세,7184,3313,3871
양천구,46세,7108,3419,3689
양천구,47세,7520,3643,3877
양천구,48세,7817,3831,3986
양천구,49세,8253,4015,4238
양천구,50세,8251,4033,4218
양천구,51세,8528,4276,4252
양천구,52세,8430,4194,4236
양천구,53세,7880,3957,3923
양천구,54세,7944,3896,4048
양천구,55세,7100,3560,3540
양천구,56세,6816,3353,3463
양천구,57세,6847,3401,3446
양천구,58세,6878,3378,3500
양천구,59세,6260,3050,3210
양천구,60세,7137,3552,3585
양천구,61세,6616,3186,3430
양천구,62세,7378,3537,3841
양천구,63세,7024,3370,3654
양천구,64세,6481,3033,3448
양천구,65세,6087,2856,3231
양천구,66세,5841,2722,3119
양천구,67세,5595,2611,2984
양천구,68세,5747,2722,3025
양천구,69세,4479,2130,2349
양천구,70세,4610,2173,2437
양천구,71세,3790,1817,1973
양천구,72세,3380,1649,1731
양천구,73세,3576,1717,1859
양천구,74세,3419,1623,1796
양천구,75세,3276,1518,1758
양천구,76세,3038,1438,1600
양천구,77세,1987,887,1100
양천구,78세,2302,1018,1284
양천구,79세,2008,877,1131
양천구,80세,2247,1018,1229
양천구,81세,1977,867,1110
양천구,82세,1523,611,912
양천구,83세,1448,561,887
양천구,84세,1290,481,809
양천구,85세,1097,400,697
양천구,86세,932,289,643
양천구,87세,813,262,551
양천구,88세,669,190,479
양천구,89세,569,148,421
양천구,90세,459,115,344
양천구,91세,373,83,290
양천구,92세,258,53,205
양천구,93세,247,52,195
양천구,94세,193,44,149
양천구,95세,123,35,88
양천구,96세,78,25,53
양천구,97세,62,7,55
양천구,98세,44,9,35
양천구,99세,31,9,22
양천구,100세 이상,58,10,48
강서구,계,567883,272404,295479
강서구,0세,2608,1295,1313
강서구,1세,2650,1320,1330
강서구,2세,2768,1403,1365
강서구,3세,2970,1545,1425
강서구,4세,2973,1526,1447
강서구,5세,3229,1634,1595
강서구,6세,3543,1817,1726
강서구,7세,4075,2114,1961
강서구,8세,3895,1905,1990
강서구,9세,4026,2101,1925
강서구,10세,4405,2232,2173
강서구,11세,4293,2237,2056
강서구,12세,4228,2138,2090
강서구,13세,3810,1985,1825
강서구,14세,4130,2117,2013
강서구,15세,4514,2329,2185
강서구,16세,4180,2143,2037
강서구,17세,4066,2101,1965
강서구,18세,4323,2142,2181
강서구,19세,4723,2371,2352
강서구,20세,4759,2351,2408
강서구,21세,5272,2574,2698
강서구,22세,6267,2978,3289
강서구,23세,6844,3069,3775
강서구,24세,7319,3215,4104
강서구,25세,8497,3597,4900
강서구,26세,9499,4098,5401
강서구,27세,10440,4639,5801
강서구,28세,11269,5163,6106
강서구,29세,11408,5364,6044
강서구,30세,11879,5675,6204
강서구,31세,11666,5598,6068
강서구,32세,10667,5290,5377
강서구,33세,10008,5120,4888
강서구,34세,9537,4800,4737
강서구,35세,8922,4490,4432
강서구,36세,8741,4512,4229
강서구,37세,8692,4400,4292
강서구,38세,8217,4210,4007
강서구,39세,8997,4644,4353
강서구,40세,9349,4798,4551
강서구,41세,9818,5020,4798
강서구,42세,9318,4736,4582
강서구,43세,9347,4692,4655
강서구,44세,8263,4077,4186
강서구,45세,8115,4008,4107
강서구,46세,7876,4000,3876
강서구,47세,8078,3931,4147
강서구,48세,8503,4237,4266
강서구,49세,8986,4459,4527
강서구,50세,9044,4562,4482
강서구,51세,9012,4475,4537
강서구,52세,8966,4417,4549
강서구,53세,8615,4257,4358
강서구,54세,8817,4305,4512
강서구,55세,7719,3702,4017
강서구,56세,7558,3617,3941
강서구,57세,7807,3624,4183
강서구,58세,8196,3833,4363
강서구,59세,7381,3470,3911
강서구,60세,8701,4129,4572
강서구,61세,8424,3963,4461
강서구,62세,9487,4330,5157
강서구,63세,9026,4157,4869
강서구,64세,8443,3918,4525
강서구,65세,8113,3750,4363
강서구,66세,7582,3475,4107
강서구,67세,7373,3297,4076
강서구,68세,7487,3381,4106
강서구,69세,5865,2673,3192
강서구,70세,6157,2864,3293
강서구,71세,4959,2292,2667
강서구,72세,4462,2064,2398
강서구,73세,4827,2239,2588
강서구,74세,4476,2118,2358
강서구,75세,4423,2061,2362
강서구,76세,4210,1996,2214
강서구,77세,2916,1348,1568
강서구,78세,2975,1394,1581
강서구,79세,2769,1241,1528
강서구,80세,3034,1331,1703
강서구,81세,2666,1131,1535
강서구,82세,2255,911,1344
강서구,83세,1959,759,1200
강서구,84세,1816,668,1148
강서구,85세,1458,536,922
강서구,86세,1283,390,893
강서구,87세,1207,379,828
강서구,88세,977,322,655
강서구,89세,748,214,534
강서구,90세,627,167,460
강서구,91세,514,125,389
강서구,92세,393,88,305
강서구,93세,343,73,270
강서구,94세,259,59,200
강서구,95세,184,27,157
강서구,96세,122,22,100
강서구,97세,99,14,85
강서구,98세,62,12,50
강서구,99세,48,7,41
강서구,100세 이상,77,17,60
구로구,계,395099,193938,201161
구로구,0세,1974,1006,968
구로구,1세,2087,1099,988
구로구,2세,2095,1071,1024
구로구,3세,2176,1130,1046
구로구,4세,2340,1242,1098
구로구,5세,2306,1188,1118
구로구,6세,2445,1239,1206
구로구,7세,2794,1419,1375
구로구,8세,2711,1368,1343
구로구,9세,2699,1401,1298
구로구,10세,2951,1444,1507
구로구,11세,2827,1413,1414
구로구,12세,2991,1549,1442
구로구,13세,2645,1374,1271
구로구,14세,2785,1385,1400
구로구,15세,3016,1517,1499
구로구,16세,2741,1393,1348
구로구,17세,2732,1449,1283
구로구,18세,2865,1498,1367
구로구,19세,3030,1521,1509
구로구,20세,3262,1638,1624
구로구,21세,3580,1835,1745
구로구,22세,4363,2106,2257
구로구,23세,4851,2222,2629
구로구,24세,4956,2281,2675
구로구,25세,5678,2567,3111
구로구,26세,5917,2808,3109
구로구,27세,6429,3153,3276
구로구,28세,6641,3294,3347
구로구,29세,6653,3364,3289
구로구,30세,6942,3433,3509
구로구,31세,6944,3460,3484
구로구,32세,6387,3188,3199
구로구,33세,6258,3196,3062
구로구,34세,6220,3231,2989
구로구,35세,5874,3067,2807
구로구,36세,5776,2953,2823
구로구,37세,5684,2955,2729
구로구,38세,5491,2866,2625
구로구,39세,5895,3070,2825
구로구,40세,6234,3216,3018
구로구,41세,6415,3339,3076
구로구,42세,6389,3275,3114
구로구,43세,6256,3159,3097
구로구,44세,5567,2815,2752
구로구,45세,5586,2880,2706
구로구,46세,5462,2787,2675
구로구,47세,5508,2743,2765
구로구,48세,5899,3044,2855
구로구,49세,6288,3164,3124
구로구,50세,6543,3322,3221
구로구,51세,6505,3294,3211
구로구,52세,6565,3268,3297
구로구,53세,6304,3142,3162
구로구,54세,6521,3121,3400
구로구,55세,5917,2886,3031
구로구,56세,5765,2912,2853
구로구,57세,5983,2951,3032
구로구,58세,6059,2964,3095
구로구,59세,5479,2666,2813
구로구,60세,6431,3152,3279
구로구,61세,6113,3012,3101
구로구,62세,6837,3280,3557
구로구,63세,6477,3019,3458
구로구,64세,6097,2865,3232
구로구,65세,5769,2726,3043
구로구,66세,5470,2572,2898
구로구,67세,5464,2522,2942
구로구,68세,5450,2483,2967
구로구,69세,4560,2103,2457
구로구,70세,4487,2051,2436
구로구,71세,3882,1827,2055
구로구,72세,3497,1626,1871
구로구,73세,3936,1850,2086
구로구,74세,3588,1738,1850
구로구,75세,3565,1671,1894
구로구,76세,3331,1596,1735
구로구,77세,2369,1079,1290
구로구,78세,2477,1146,1331
구로구,79세,2320,1055,1265
구로구,80세,2606,1169,1437
구로구,81세,2316,1052,1264
구로구,82세,1738,744,994
구로구,83세,1583,668,915
구로구,84세,1497,634,863
구로구,85세,1183,449,734
구로구,86세,1020,381,639
구로구,87세,851,304,547
구로구,88세,730,240,490
구로구,89세,500,159,341
구로구,90세,406,125,281
구로구,91세,326,87,239
구로구,92세,242,60,182
구로구,93세,209,46,163
구로구,94세,162,44,118
구로구,95세,120,19,101
구로구,96세,83,14,69
구로구,97세,39,5,34
구로구,98세,30,7,23
구로구,99세,31,10,21
구로구,100세 이상,51,7,44
금천구,계,229328,115578,113750
금천구,0세,934,473,461
금천구,1세,932,487,445
금천구,2세,939,488,451
금천구,3세,937,488,449
금천구,4세,1016,531,485
금천구,5세,1046,536,510
금천구,6세,1077,564,513
금천구,7세,1186,593,593
금천구,8세,1179,577,602
금천구,9세,1165,621,544
금천구,10세,1302,666,636
금천구,11세,1235,621,614
금천구,12세,1285,642,643
금천구,13세,1189,609,580
금천구,14세,1218,626,592
금천구,15세,1355,686,669
금천구,16세,1387,710,677
금천구,17세,1315,657,658
금천구,18세,1410,685,725
금천구,19세,1564,785,779
금천구,20세,1708,888,820
금천구,21세,1922,907,1015
금천구,22세,2464,1146,1318
금천구,23세,2859,1308,1551
금천구,24세,3322,1533,1789
금천구,25세,4017,1858,2159
금천구,26세,4452,2068,2384
금천구,27세,4963,2469,2494
금천구,28세,5088,2617,2471
금천구,29세,5234,2725,2509
금천구,30세,5200,2774,2426
금천구,31세,4879,2671,2208
금천구,32세,4281,2321,1960
금천구,33세,3851,2181,1670
금천구,34세,3790,2134,1656
금천구,35세,3371,1847,1524
금천구,36세,3185,1788,1397
금천구,37세,3142,1745,1397
금천구,38세,2856,1566,1290
금천구,39세,3169,1755,1414
금천구,40세,3138,1741,1397
금천구,41세,3300,1791,1509
금천구,42세,3181,1797,1384
금천구,43세,3036,1628,1408
금천구,44세,2753,1455,1298
금천구,45세,2786,1474,1312
금천구,46세,2698,1406,1292
금천구,47세,2874,1470,1404
금천구,48세,3077,1632,1445
금천구,49세,3400,1748,1652
금천구,50세,3631,1850,1781
금천구,51세,3690,1912,1778
금천구,52세,3813,1894,1919
금천구,53세,3834,1931,1903
금천구,54세,3975,1975,2000
금천구,55세,3694,1793,1901
금천구,56세,3718,1808,1910
금천구,57세,4004,2043,1961
금천구,58세,3949,2004,1945
금천구,59세,3628,1827,1801
금천구,60세,4215,2149,2066
금천구,61세,3991,2008,1983
금천구,62세,4412,2198,2214
금천구,63세,4186,2127,2059
금천구,64세,3806,1817,1989
금천구,65세,3418,1730,1688
금천구,66세,3211,1567,1644
금천구,67세,3154,1553,1601
금천구,68세,3190,1458,1732
금천구,69세,2466,1181,1285
금천구,70세,2434,1158,1276
금천구,71세,2244,1043,1201
금천구,72세,1927,959,968
금천구,73세,2143,996,1147
금천구,74세,1984,953,1031
금천구,75세,1937,866,1071
금천구,76세,1891,886,1005
금천구,77세,1350,595,755
금천구,78세,1400,638,762
금천구,79세,1318,595,723
금천구,80세,1502,682,820
금천구,81세,1359,607,752
금천구,82세,983,403,580
금천구,83세,969,418,551
금천구,84세,842,341,501
금천구,85세,658,282,376
금천구,86세,551,182,369
금천구,87세,487,176,311
금천구,88세,403,127,276
금천구,89세,311,91,220
금천구,90세,273,79,194
금천구,91세,177,60,117
금천구,92세,160,42,118
금천구,93세,101,28,73
금천구,94세,76,15,61
금천구,95세,55,10,45
금천구,96세,46,13,33
금천구,97세,24,4,20
금천구,98세,25,4,21
금천구,99세,15,5,10
금천구,100세 이상,31,7,24
영등포구,계,376423,184827,191596
영등포구,0세,2052,1051,1001
영등포구,1세,2208,1130,1078
영등포구,2세,2110,1106,1004
영등포구,3세,2167,1085,1082
영등포구,4세,2260,1142,1118
영등포구,5세,2439,1240,1199
영등포구,6세,2401,1212,1189
영등포구,7세,2561,1310,1251
영등포구,8세,2510,1301,1209
영등포구,9세,2322,1227,1095
영등포구,10세,2429,1241,1188
영등포구,11세,2397,1199,1198
영등포구,12세,2346,1169,1177
영등포구,13세,2154,1100,1054
영등포구,14세,2234,1137,1097
영등포구,15세,2413,1305,1108
영등포구,16세,2245,1162,1083
영등포구,17세,2221,1196,1025
영등포구,18세,2334,1218,1116
영등포구,19세,2721,1422,1299
영등포구,20세,2800,1384,1416
영등포구,21세,3274,1584,1690
영등포구,22세,4235,1876,2359
영등포구,23세,4814,2044,2770
영등포구,24세,5483,2329,3154
영등포구,25세,6235,2636,3599
영등포구,26세,7018,3086,3932
영등포구,27세,7718,3523,4195
영등포구,28세,8061,3859,4202
영등포구,29세,8234,4033,4201
영등포구,30세,8618,4222,4396
영등포구,31세,8550,4230,4320
영등포구,32세,7572,3771,3801
영등포구,33세,7244,3669,3575
영등포구,34세,7049,3602,3447
영등포구,35세,6556,3361,3195
영등포구,36세,6361,3230,3131
영등포구,37세,6269,3245,3024
영등포구,38세,5924,3057,2867
영등포구,39세,6044,3148,2896
영등포구,40세,6242,3274,2968
영등포구,41세,6249,3233,3016
영등포구,42세,5881,3086,2795
영등포구,43세,5782,2962,2820
영등포구,44세,4995,2584,2411
영등포구,45세,4974,2535,2439
영등포구,46세,4961,2549,2412
영등포구,47세,4951,2488,2463
영등포구,48세,5166,2672,2494
영등포구,49세,5551,2792,2759
영등포구,50세,5687,2891,2796
영등포구,51세,5926,3021,2905
영등포구,52세,5961,3014,2947
영등포구,53세,5700,2866,2834
영등포구,54세,6003,3030,2973
영등포구,55세,5271,2632,2639
영등포구,56세,5226,2661,2565
영등포구,57세,5276,2733,2543
영등포구,58세,5363,2717,2646
영등포구,59세,4950,2553,2397
영등포구,60세,5615,2930,2685
영등포구,61세,5167,2561,2606
영등포구,62세,5806,2824,2982
영등포구,63세,5528,2638,2890
영등포구,64세,5170,2533,2637
영등포구,65세,4907,2424,2483
영등포구,66세,4514,2195,2319
영등포구,67세,4365,2145,2220
영등포구,68세,4574,2133,2441
영등포구,69세,3421,1603,1818
영등포구,70세,3666,1748,1918
영등포구,71세,3107,1484,1623
영등포구,72세,2911,1311,1600
영등포구,73세,3087,1413,1674
영등포구,74세,2953,1363,1590
영등포구,75세,2954,1356,1598
영등포구,76세,2775,1261,1514
영등포구,77세,2031,956,1075
영등포구,78세,2069,933,1136
영등포구,79세,2038,874,1164
영등포구,80세,2339,1011,1328
영등포구,81세,2073,888,1185
영등포구,82세,1581,698,883
영등포구,83세,1516,629,887
영등포구,84세,1377,589,788
영등포구,85세,1178,471,707
영등포구,86세,1054,395,659
영등포구,87세,905,359,546
영등포구,88세,713,258,455
영등포구,89세,591,191,400
영등포구,90세,458,147,311
영등포구,91세,343,107,236
영등포구,92세,258,85,173
영등포구,93세,191,49,142
영등포구,94세,149,44,105
영등포구,95세,119,35,84
영등포구,96세,71,17,54
영등포구,97세,37,5,32
영등포구,98세,27,7,20
영등포구,99세,38,9,29
영등포구,100세 이상,49,13,36
동작구,계,380385,184072,196313
동작구,0세,1562,812,750
동작구,1세,1682,843,839
동작구,2세,1782,927,855
동작구,3세,1795,954,841
동작구,4세,2017,1056,961
동작구,5세,2107,1049,1058
동작구,6세,2273,1121,1152
동작구,7세,2629,1331,1298
동작구,8세,2662,1357,1305
동작구,9세,2406,1235,1171
동작구,10세,2630,1349,1281
동작구,11세,2556,1300,1256
동작구,12세,2631,1358,1273
동작구,13세,2377,1224,1153
동작구,14세,2498,1291,1207
동작구,15세,2577,1363,1214
동작구,16세,2574,1321,1253
동작구,17세,2471,1222,1249
동작구,18세,2872,1477,1395
동작구,19세,3484,1717,1767
동작구,20세,3820,1790,2030
동작구,21세,4239,1935,2304
동작구,22세,5482,2622,2860
동작구,23세,6005,2777,3228
동작구,24세,6664,3161,3503
동작구,25세,7307,3434,3873
동작구,26세,7659,3700,3959
동작구,27세,7810,3880,3930
동작구,28세,7811,4056,3755
동작구,29세,7405,3719,3686
동작구,30세,7498,3790,3708
동작구,31세,7184,3634,3550
동작구,32세,6481,3349,3132
동작구,33세,6077,3107,2970
동작구,34세,5774,2967,2807
동작구,35세,5443,2701,2742
동작구,36세,5312,2686,2626
동작구,37세,5242,2672,2570
동작구,38세,5192,2670,2522
동작구,39세,5524,2729,2795
동작구,40세,5827,2919,2908
동작구,41세,6001,3057,2944
동작구,42세,5743,2945,2798
동작구,43세,5884,2939,2945
동작구,44세,5204,2641,2563
동작구,45세,5046,2420,2626
동작구,46세,5194,2642,2552
동작구,47세,5194,2545,2649
동작구,48세,5556,2780,2776
동작구,49세,5906,2948,2958
동작구,50세,5943,2887,3056
동작구,51세,6318,3130,3188
동작구,52세,6137,3007,3130
동작구,53세,6087,3012,3075
동작구,54세,6141,2983,3158
동작구,55세,5439,2552,2887
동작구,56세,5294,2610,2684
동작구,57세,5221,2451,2770
동작구,58세,5424,2624,2800
동작구,59세,5051,2436,2615
동작구,60세,5533,2650,2883
동작구,61세,5383,2541,2842
동작구,62세,5858,2682,3176
동작구,63세,5716,2666,3050
동작구,64세,5220,2373,2847
동작구,65세,5133,2361,2772
동작구,66세,4649,2107,2542
동작구,67세,4638,2170,2468
동작구,68세,4655,2108,2547
동작구,69세,3728,1704,2024
동작구,70세,3841,1736,2105
동작구,71세,3410,1497,1913
동작구,72세,3031,1325,1706
동작구,73세,3332,1469,1863
동작구,74세,3178,1382,1796
동작구,75세,3238,1415,1823
동작구,76세,3201,1370,1831
동작구,77세,2231,943,1288
동작구,78세,2339,1008,1331
동작구,79세,2148,979,1169
동작구,80세,2484,1167,1317
동작구,81세,2246,1044,1202
동작구,82세,1693,744,949
동작구,83세,1575,653,922
동작구,84세,1439,601,838
동작구,85세,1184,466,718
동작구,86세,1097,412,685
동작구,87세,900,336,564
동작구,88세,734,254,480
동작구,89세,550,182,368
동작구,90세,466,131,335
동작구,91세,332,109,223
동작구,92세,264,70,194
동작구,93세,225,55,170
동작구,94세,196,48,148
동작구,95세,131,32,99
동작구,96세,90,19,71
동작구,97세,52,10,42
동작구,98세,47,14,33
동작구,99세,35,11,24
동작구,100세 이상,59,14,45
관악구,계,487641,245231,242410
관악구,0세,1418,721,697
관악구,1세,1548,799,749
관악구,2세,1413,710,703
관악구,3세,1601,809,792
관악구,4세,1534,820,714
관악구,5세,1698,900,798
관악구,6세,1957,995,962
관악구,7세,2045,1053,992
관악구,8세,2184,1146,1038
관악구,9세,2108,1088,1020
관악구,10세,2262,1135,1127
관악구,11세,2388,1237,1151
관악구,12세,2336,1176,1160
관악구,13세,2242,1167,1075
관악구,14세,2321,1218,1103
관악구,15세,2614,1324,1290
관악구,16세,2633,1335,1298
관악구,17세,2517,1278,1239
관악구,18세,2966,1462,1504
관악구,19세,4123,2057,2066
관악구,20세,4396,2045,2351
관악구,21세,5488,2484,3004
관악구,22세,7543,3370,4173
관악구,23세,9211,3991,5220
관악구,24세,10951,4692,6259
관악구,25세,13457,6199,7258
관악구,26세,14610,7026,7584
관악구,27세,15397,7827,7570
관악구,28세,15194,8229,6965
관악구,29세,14470,7869,6601
관악구,30세,13790,7466,6324
관악구,31세,12480,6999,5481
관악구,32세,10466,5889,4577
관악구,33세,9291,5242,4049
관악구,34세,8350,4705,3645
관악구,35세,7311,4111,3200
관악구,36세,7011,3876,3135
관악구,37세,6531,3612,2919
관악구,38세,6187,3431,2756
관악구,39세,6538,3579,2959
관악구,40세,6622,3582,3040
관악구,41세,6892,3751,3141
관악구,42세,6721,3667,3054
관악구,43세,6647,3617,3030
관악구,44세,5735,3061,2674
관악구,45세,5763,3035,2728
관악구,46세,5688,3014,2674
관악구,47세,5886,3154,2732
관악구,48세,6319,3343,2976
관악구,49세,6761,3525,3236
관악구,50세,6941,3664,3277
관악구,51세,7119,3777,3342
관악구,52세,7155,3721,3434
관악구,53세,6934,3622,3312
관악구,54세,6891,3457,3434
관악구,55세,6390,3137,3253
관악구,56세,6067,3065,3002
관악구,57세,6278,3200,3078
관악구,58세,6420,3189,3231
관악구,59세,5683,2876,2807
관악구,60세,6753,3351,3402
관악구,61세,6357,3087,3270
관악구,62세,7100,3334,3766
관악구,63세,6814,3191,3623
관악구,64세,6229,2960,3269
관악구,65세,5968,2761,3207
관악구,66세,5510,2549,2961
관악구,67세,5598,2581,3017
관악구,68세,5772,2604,3168
관악구,69세,4544,2036,2508
관악구,70세,4616,2078,2538
관악구,71세,4329,2011,2318
관악구,72세,3884,1780,2104
관악구,73세,4275,1938,2337
관악구,74세,3960,1764,2196
관악구,75세,3935,1759,2176
관악구,76세,3874,1702,2172
관악구,77세,2727,1217,1510
관악구,78세,2884,1281,1603
관악구,79세,2741,1182,1559
관악구,80세,3191,1497,1694
관악구,81세,2811,1265,1546
관악구,82세,2114,921,1193
관악구,83세,1882,845,1037
관악구,84세,1696,721,975
관악구,85세,1381,578,803
관악구,86세,1133,426,707
관악구,87세,906,351,555
관악구,88세,784,281,503
관악구,89세,586,200,386
관악구,90세,441,146,295
관악구,91세,354,105,249
관악구,92세,270,63,207
관악구,93세,203,40,163
관악구,94세,168,37,131
관악구,95세,111,23,88
관악구,96세,94,15,79
관악구,97세,35,5,30
관악구,98세,32,4,28
관악구,99세,29,3,26
관악구,100세 이상,58,10,48
서초구,계,404539,192932,211607
서초구,0세,1663,852,811
서초구,1세,2001,1044,957
서초구,2세,2100,1063,1037
서초구,3세,2241,1178,1063
서초구,4세,2603,1372,1231
서초구,5세,2832,1446,1386
서초구,6세,3247,1693,1554
서초구,7세,3761,1874,1887
서초구,8세,3892,1964,1928
서초구,9세,4049,2105,1944
서초구,10세,4517,2316,2201
서초구,11세,4425,2252,2173
서초구,12세,4742,2431,2311
서초구,13세,4521,2249,2272
서초구,14세,4568,2346,2222
서초구,15세,4773,2358,2415
서초구,16세,4401,2250,2151
서초구,17세,4046,2053,1993
서초구,18세,4238,2142,2096
서초구,19세,4333,2186,2147
서초구,20세,4042,2022,2020
서초구,21세,4098,2015,2083
서초구,22세,4654,2228,2426
서초구,23세,4691,2220,2471
서초구,24세,4819,2274,2545
서초구,25세,5173,2418,2755
서초구,26세,5255,2511,2744
서초구,27세,5607,2655,2952
서초구,28세,5742,2697,3045
서초구,29세,5739,2797,2942
서초구,30세,6029,2921,3108
서초구,31세,5946,2770,3176
서초구,32세,5604,2687,2917
서초구,33세,5370,2546,2824
서초구,34세,5612,2514,3098
서초구,35세,5382,2443,2939
서초구,36세,5404,2376,3028
서초구,37세,5513,2509,3004
서초구,38세,5475,2435,3040
서초구,39세,6315,2898,3417
서초구,40세,6657,3070,3587
서초구,41세,7301,3318,3983
서초구,42세,7429,3411,4018
서초구,43세,7575,3424,4151
서초구,44세,6869,3100,3769
서초구,45세,7170,3299,3871
서초구,46세,7100,3326,3774
서초구,47세,7198,3394,3804
서초구,48세,7353,3513,3840
서초구,49세,7832,3768,4064
서초구,50세,7737,3752,3985
서초구,51세,7653,3805,3848
서초구,52세,7624,3784,3840
서초구,53세,7097,3603,3494
서초구,54세,6617,3322,3295
서초구,55세,6000,2912,3088
서초구,56세,5209,2595,2614
서초구,57세,5340,2655,2685
서초구,58세,5415,2652,2763
서초구,59세,4999,2412,2587
서초구,60세,5160,2526,2634
서초구,61세,4984,2354,2630
서초구,62세,5325,2453,2872
서초구,63세,5129,2349,2780
서초구,64세,4978,2339,2639
서초구,65세,4877,2313,2564
서초구,66세,4579,2058,2521
서초구,67세,4437,2012,2425
서초구,68세,4542,2087,2455
서초구,69세,3836,1729,2107
서초구,70세,3807,1716,2091
서초구,71세,3050,1387,1663
서초구,72세,2894,1330,1564
서초구,73세,3152,1428,1724
서초구,74세,3005,1389,1616
서초구,75세,3059,1371,1688
서초구,76세,2882,1345,1537
서초구,77세,2100,959,1141
서초구,78세,2079,1004,1075
서초구,79세,1917,901,1016
서초구,80세,2030,999,1031
서초구,81세,1838,879,959
서초구,82세,1401,654,747
서초구,83세,1265,585,680
서초구,84세,1089,494,595
서초구,85세,960,428,532
서초구,86세,898,379,519
서초구,87세,723,301,422
서초구,88세,661,249,412
서초구,89세,492,167,325
서초구,90세,421,153,268
서초구,91세,311,98,213
서초구,92세,262,68,194
서초구,93세,203,62,141
서초구,94세,186,50,136
서초구,95세,122,29,93
서초구,96세,88,17,71
서초구,97세,62,14,48
서초구,98세,41,13,28
서초구,99세,37,8,29
서초구,100세 이상,59,10,49
강남구,계,534646,255637,279009
강남구,0세,1924,1027,897
강남구,1세,2183,1105,1078
강남구,2세,2295,1152,1143
강남구,3세,2437,1264,1173
강남구,4세,2801,1473,1328
강남구,5세,3147,1644,1503
강남구,6세,3704,1843,1861
강남구,7세,4289,2163,2126
강남구,8세,4705,2417,2288
강남구,9세,4991,2624,2367
강남구,10세,5753,3017,2736
강남구,11세,5917,3106,2811
강남구,12세,6427,3346,3081
강남구,13세,5998,3157,2841
강남구,14세,6235,3263,2972
강남구,15세,6803,3527,3276
강남구,16세,6129,3157,2972
강남구,17세,5634,2986,2648
강남구,18세,5860,3062,2798
강남구,19세,5796,3008,2788
강남구,20세,5308,2659,2649
강남구,21세,5223,2539,2684
강남구,22세,6368,3072,3296
강남구,23세,6111,2899,3212
강남구,24세,6446,3031,3415
강남구,25세,7030,3122,3908
강남구,26세,7240,3246,3994
강남구,27세,7796,3618,4178
강남구,28세,8080,3886,4194
강남구,29세,8314,4083,4231
강남구,30세,8440,4094,4346
강남구,31세,8380,3915,4465
강남구,32세,7821,3854,3967
강남구,33세,7553,3561,3992
강남구,34세,7466,3552,3914
강남구,35세,6959,3156,3803
강남구,36세,7224,3331,3893
강남구,37세,7381,3305,4076
강남구,38세,7310,3234,4076
강남구,39세,8254,3738,4516
강남구,40세,8883,3926,4957
강남구,41세,9627,4300,5327
강남구,42세,9747,4294,5453
강남구,43세,10190,4593,5597
강남구,44세,9590,4318,5272
강남구,45세,9567,4400,5167
강남구,46세,9756,4512,5244
강남구,47세,9703,4510,5193
강남구,48세,9982,4778,5204
강남구,49세,10212,4965,5247
강남구,50세,10269,4969,5300
강남구,51세,10262,5170,5092
강남구,52세,10055,5113,4942
강남구,53세,9451,4831,4620
강남구,54세,8729,4432,4297
강남구,55세,7646,3787,3859
강남구,56세,6870,3455,3415
강남구,57세,7059,3518,3541
강남구,58세,6882,3414,3468
강남구,59세,6602,3210,3392
강남구,60세,6661,3285,3376
강남구,61세,6324,3114,3210
강남구,62세,6753,3126,3627
강남구,63세,6444,3014,3430
강남구,64세,6250,2842,3408
강남구,65세,6396,2913,3483
강남구,66세,6079,2760,3319
강남구,67세,5881,2619,3262
강남구,68세,6042,2700,3342
강남구,69세,5119,2283,2836
강남구,70세,5266,2364,2902
강남구,71세,4158,1876,2282
강남구,72세,3811,1753,2058
강남구,73세,4174,1821,2353
강남구,74세,4104,1929,2175
강남구,75세,3938,1849,2089
강남구,76세,3922,1819,2103
강남구,77세,2714,1323,1391
강남구,78세,2753,1337,1416
강남구,79세,2481,1179,1302
강남구,80세,2491,1242,1249
강남구,81세,2274,1086,1188
강남구,82세,1848,878,970
강남구,83세,1537,707,830
강남구,84세,1454,683,771
강남구,85세,1254,535,719
강남구,86세,1027,415,612
강남구,87세,956,373,583
강남구,88세,762,263,499
강남구,89세,634,210,424
강남구,90세,478,144,334
강남구,91세,432,127,305
강남구,92세,341,94,247
강남구,93세,288,74,214
강남구,94세,225,51,174
강남구,95세,163,37,126
강남구,96세,137,28,109
강남구,97세,80,20,60
강남구,98세,48,4,44
강남구,99세,46,12,34
강남구,100세 이상,87,17,70
송파구,계,657665,316356,341309
송파구,0세,3051,1550,1501
송파구,1세,3534,1843,1691
송파구,2세,3706,1875,1831
송파구,3세,3957,2067,1890
송파구,4세,4253,2244,2009
송파구,5세,4522,2319,2203
송파구,6세,5294,2793,2501
송파구,7세,5769,2953,2816
송파구,8세,5616,2893,2723
송파구,9세,5464,2779,2685
송파구,10세,6101,3097,3004
송파구,11세,5940,3092,2848
송파구,12세,6085,3170,2915
송파구,13세,5622,2816,2806
송파구,14세,5580,2839,2741
송파구,15세,6099,3103,2996
송파구,16세,5697,2857,2840
송파구,17세,5361,2727,2634
송파구,18세,5625,2924,2701
송파구,19세,5946,3045,2901
송파구,20세,5785,2936,2849
송파구,21세,6211,3168,3043
송파구,22세,7465,3584,3881
송파구,23세,7852,3691,4161
송파구,24세,8068,3671,4397
송파구,25세,8945,4052,4893
송파구,26세,9652,4331,5321
송파구,27세,10544,4918,5626
송파구,28세,10641,5090,5551
송파구,29세,11282,5309,5973
송파구,30세,11483,5510,5973
송파구,31세,11564,5442,6122
송파구,32세,10569,5033,5536
송파구,33세,10464,5054,5410
송파구,34세,10470,5032,5438
송파구,35세,9873,4785,5088
송파구,36세,9944,4705,5239
송파구,37세,10139,4835,5304
송파구,38세,9838,4633,5205
송파구,39세,10840,5209,5631
송파구,40세,11420,5470,5950
송파구,41세,11844,5748,6096
송파구,42세,11719,5639,6080
송파구,43세,11597,5537,6060
송파구,44세,10218,4931,5287
송파구,45세,9950,4782,5168
송파구,46세,9719,4761,4958
송파구,47세,9798,4798,5000
송파구,48세,10246,5157,5089
송파구,49세,10738,5131,5607
송파구,50세,10867,5200,5667
송파구,51세,11156,5344,5812
송파구,52세,11120,5413,5707
송파구,53세,10566,5163,5403
송파구,54세,10717,5189,5528
송파구,55세,9789,4674,5115
송파구,56세,9041,4373,4668
송파구,57세,9561,4663,4898
송파구,58세,9580,4640,4940
송파구,59세,8815,4213,4602
송파구,60세,10023,4876,5147
송파구,61세,9471,4456,5015
송파구,62세,10425,4819,5606
송파구,63세,9897,4565,5332
송파구,64세,9197,4356,4841
송파구,65세,9095,4264,4831
송파구,66세,8395,3884,4511
송파구,67세,8309,3919,4390
송파구,68세,8464,3914,4550
송파구,69세,6505,3022,3483
송파구,70세,6745,3222,3523
송파구,71세,5442,2684,2758
송파구,72세,4887,2306,2581
송파구,73세,5057,2489,2568
송파구,74세,4781,2293,2488
송파구,75세,4648,2311,2337
송파구,76세,4481,2164,2317
송파구,77세,3056,1444,1612
송파구,78세,3087,1528,1559
송파구,79세,2837,1329,1508
송파구,80세,2981,1411,1570
송파구,81세,2727,1274,1453
송파구,82세,2061,913,1148
송파구,83세,1844,788,1056
송파구,84세,1604,671,933
송파구,85세,1483,604,879
송파구,86세,1245,466,779
송파구,87세,1097,380,717
송파구,88세,964,321,643
송파구,89세,791,239,552
송파구,90세,640,169,471
송파구,91세,531,129,402
송파구,92세,373,100,273
송파구,93세,348,76,272
송파구,94세,271,56,215
송파구,95세,177,45,132
송파구,96세,146,27,119
송파구,97세,81,11,70
송파구,98세,57,11,46
송파구,99세,37,5,32
송파구,100세 이상,93,15,78
강동구,계,459567,224899,234668
강동구,0세,2361,1219,1142
강동구,1세,2669,1395,1274
강동구,2세,2678,1359,1319
강동구,3세,2813,1412,1401
강동구,4세,2989,1581,1408
강동구,5세,3149,1628,1521
강동구,6세,3491,1837,1654
강동구,7세,3884,1984,1900
강동구,8세,4049,2118,1931
강동구,9세,3852,2013,1839
강동구,10세,4069,2151,1918
강동구,11세,4023,2098,1925
강동구,12세,4078,2170,1908
강동구,13세,3883,2031,1852
강동구,14세,3940,2062,1878
강동구,15세,4106,2230,1876
강동구,16세,3787,2054,1733
강동구,17세,3550,1868,1682
강동구,18세,3696,1902,1794
강동구,19세,3880,2031,1849
강동구,20세,3924,2035,1889
강동구,21세,4144,2129,2015
강동구,22세,5053,2551,2502
강동구,23세,5135,2455,2680
강동구,24세,5398,2565,2833
강동구,25세,5977,2750,3227
강동구,26세,6537,3082,3455
강동구,27세,6951,3308,3643
강동구,28세,7129,3491,3638
강동구,29세,6969,3377,3592
강동구,30세,7455,3650,3805
강동구,31세,7388,3630,3758
강동구,32세,6734,3345,3389
강동구,33세,6795,3342,3453
강동구,34세,6711,3357,3354
강동구,35세,6523,3259,3264
강동구,36세,6597,3211,3386
강동구,37세,6672,3379,3293
강동구,38세,6701,3291,3410
강동구,39세,7335,3667,3668
강동구,40세,7794,3830,3964
강동구,41세,8444,4157,4287
강동구,42세,8145,4065,4080
강동구,43세,8073,3964,4109
강동구,44세,7263,3603,3660
강동구,45세,7005,3537,3468
강동구,46세,6715,3409,3306
강동구,47세,6791,3459,3332
강동구,48세,7086,3580,3506
강동구,49세,7458,3663,3795
강동구,50세,7466,3719,3747
강동구,51세,7493,3789,3704
강동구,52세,7608,3787,3821
강동구,53세,7054,3434,3620
강동구,54세,7535,3700,3835
강동구,55세,6756,3273,3483
강동구,56세,6545,3181,3364
강동구,57세,6663,3327,3336
강동구,58세,6945,3282,3663
강동구,59세,6362,3092,3270
강동구,60세,7474,3614,3860
강동구,61세,7039,3343,3696
강동구,62세,8168,3793,4375
강동구,63세,7679,3571,4108
강동구,64세,7093,3325,3768
강동구,65세,6732,3226,3506
강동구,66세,6481,2941,3540
강동구,67세,6165,2856,3309
강동구,68세,6525,3028,3497
강동구,69세,4946,2293,2653
강동구,70세,5198,2454,2744
강동구,71세,4171,1987,2184
강동구,72세,3575,1759,1816
강동구,73세,3893,1823,2070
강동구,74세,3647,1735,1912
강동구,75세,3669,1758,1911
강동구,76세,3352,1615,1737
강동구,77세,2315,1128,1187
강동구,78세,2303,1110,1193
강동구,79세,2168,1030,1138
강동구,80세,2399,1101,1298
강동구,81세,2072,936,1136
강동구,82세,1567,716,851
강동구,83세,1434,609,825
강동구,84세,1253,505,748
강동구,85세,1069,396,673
강동구,86세,911,330,581
강동구,87세,792,270,522
강동구,88세,712,202,510
강동구,89세,532,148,384
강동구,90세,438,122,316
강동구,91세,350,77,273
강동구,92세,281,50,231
강동구,93세,258,58,200
강동구,94세,208,46,162
강동구,95세,119,21,98
강동구,96세,108,19,89
강동구,97세,53,12,41
강동구,98세,37,4,33
강동구,99세,28,4,24
강동구,100세 이상,77,16,61
