행정구역(시군구)별,연령별,총인구수 (명),남자인구수 (명),여자인구수 (명)
서울특별시,계,9378269,4532115,4846154
서울특별시,0세,37255,19191,18064
서울특별시,1세,39761,20217,19544
서울특별시,2세,42137,21770,20367
서울특별시,3세,43140,22008,21132
서울특별시,4세,45761,23762,21999
서울특별시,5세,49245,25626,23619
서울특별시,6세,52969,27023,25946
서울특별시,7세,59406,30318,29088
서울특별시,8세,65638,33451,32187
서울특별시,9세,66771,34068,32703
서울특별시,10세,65865,33995,31870
서울특별시,11세,72563,37121,35442
서울특별시,12세,71787,36887,34900
서울특별시,13세,74053,38042,36011
서울특별시,14세,69101,35492,33609
서울특별시,15세,72022,36828,35194
서울특별시,16세,78132,40335,37797
서울특별시,17세,73470,37555,35915
서울특별시,18세,72730,37071,35659
서울특별시,19세,81453,40217,41236
서울특별시,20세,90310,43202,47108
서울특별시,21세,92303,43332,48971
서울특별시,22세,104737,49103,55634
서울특별시,23세,128397,59626,68771
서울특별시,24세,135948,62632,73316
서울특별시,25세,142755,66437,76318
서울특별시,26세,155451,72165,83286
서울특별시,27세,160515,75840,84675
서울특별시,28세,167213,80955,86258
서울특별시,29세,167769,83022,84747
서울특별시,30세,166342,82855,83487
서울특별시,31세,168476,84477,83999
서울특별시,32세,162885,81493,81392
서울특별시,33세,146721,73787,72934
서울특별시,34세,139442,70666,68776
서울특별시,35세,135893,68083,67810
서울특별시,36세,128272,63911,64361
서울특별시,37세,127280,63199,64081
서울특별시,38세,128426,64071,64355
서울특별시,39세,125302,62299,63003
서울특별시,40세,137005,68566,68439
서울특별시,41세,144034,71328,72706
서울특별시,42세,151307,75288,76019
서울특별시,43세,148927,74203,74724
서울특별시,44세,148730,73187,75543
서울특별시,45세,132697,65233,67464
서울특별시,46세,133205,65163,68042
서울특별시,47세,131949,65363,66586
서울특별시,48세,135707,66696,69011
서울특별시,49세,143628,71248,72380
서울특별시,50세,153885,75377,78508
서울특별시,51세,156492,77138,79354
서울특별시,52세,161630,80309,81321
서울특별시,53세,162195,80044,82151
서울특별시,54세,155373,76946,78427
서울특별시,55세,156486,76709,79777
서울특별시,56세,141230,68372,72858
서울특별시,57세,134263,66405,67858
서울특별시,58세,137166,67298,69868
서울특별시,59세,138331,67238,71093
서울특별시,60세,126650,61609,65041
서울특별시,61세,143974,70542,73432
서울특별시,62세,136995,66036,70959
서울특별시,63세,151753,71302,80451
서울특별시,64세,144122,67681,76441
서울특별시,65세,133481,62850,70631
서울특별시,66세,129180,61107,68073
서울특별시,67세,120218,55610,64608
서울특별시,68세,117257,54362,62895
서울특별시,69세,119601,55132,64469
서울특별시,70세,93773,43046,50727
서울특별시,71세,96712,44606,52106
서울특별시,72세,80353,36872,43481
서울특별시,73세,72926,33415,39511
서울특별시,74세,78710,35504,43206
서울특별시,75세,74707,33654,41053
서울특별시,76세,75091,33522,41569
서울특별시,77세,71795,31941,39854
서울특별시,78세,50780,22266,28514
서울특별시,79세,52944,23342,29602
서울특별시,80세,50205,21549,28656
서울특별시,81세,56324,24650,31674
서울특별시,82세,51006,21919,29087
서울특별시,83세,38734,16134,22600
서울특별시,84세,35368,14233,21135
서울특별시,85세,31518,12279,19239
서울특별시,86세,26115,9902,16213
서울특별시,87세,22723,8135,14588
서울특별시,88세,19190,6643,12547
서울특별시,89세,15540,5034,10506
서울특별시,90세,11914,3640,8274
서울특별시,91세,9240,2717,6523
서울특별시,92세,7252,1925,5327
서울특별시,93세,5312,1321,3991
서울특별시,94세,4372,1058,3314
서울특별시,95세,3414,840,2574
서울특별시,96세,2375,525,1850
서울특별시,97세,1640,332,1308
서울특별시,98세,899,169,730
서울특별시,99세,667,120,547
서울특별시,100세 이상,1503,348,1155
종로구,계,139432,67138,72294
종로구,0세,368,193,175
종로구,1세,424,220,204
종로구,2세,486,266,220
종로구,3세,457,220,237
종로구,4세,544,278,266
종로구,5세,529,267,262
종로구,6세,612,310,302
종로구,7세,699,348,351
종로구,8세,801,398,403
종로구,9세,797,401,396
종로구,10세,807,372,435
종로구,11세,936,481,455
종로구,12세,907,436,471
종로구,13세,963,472,491
종로구,14세,854,419,435
종로구,15세,953,458,495
종로구,16세,1088,563,525
종로구,17세,994,479,515
종로구,18세,965,470,495
종로구,19세,1259,580,679
종로구,20세,1428,652,776
종로구,21세,1467,653,814
종로구,22세,1734,781,953
종로구,23세,2110,983,1127
종로구,24세,2382,1072,1310
종로구,25세,2417,1104,1313
종로구,26세,2435,1123,1312
종로구,27세,2571,1284,1287
종로구,28세,2546,1258,1288
종로구,29세,2468,1237,1231
종로구,30세,2426,1238,1188
종로구,31세,2428,1208,1220
종로구,32세,2303,1179,1124
종로구,33세,2067,1058,1009
종로구,34세,1833,926,907
종로구,35세,1750,892,858
종로구,36세,1695,820,875
종로구,37세,1644,756,888
종로구,38세,1626,791,835
종로구,39세,1661,807,854
종로구,40세,1811,935,876
종로구,41세,1911,936,975
종로구,42세,2000,962,1038
종로구,43세,2010,955,1055
종로구,44세,1992,961,1031
종로구,45세,1762,868,894
종로구,46세,1773,792,981
종로구,47세,1825,894,931
종로구,48세,1837,899,938
종로구,49세,2027,981,1046
종로구,50세,2303,1097,1206
종로구,51세,2317,1129,1188
종로구,52세,2539,1305,1234
종로구,53세,2583,1291,1292
종로구,54세,2481,1226,1255
종로구,55세,2486,1218,1268
종로구,56세,2348,1117,1231
종로구,57세,2201,1112,1089
종로구,58세,2217,1086,1131
종로구,59세,2240,1101,1139
종로구,60세,2162,1110,1052
종로구,61세,2413,1273,1140
종로구,62세,2197,1149,1048
종로구,63세,2453,1177,1276
종로구,64세,2180,1057,1123
종로구,65세,2051,1028,1023
종로구,66세,1959,1008,951
종로구,67세,1883,901,982
종로구,68세,1809,912,897
종로구,69세,1845,887,958
종로구,70세,1364,672,692
종로구,71세,1493,731,762
종로구,72세,1210,582,628
종로구,73세,1021,450,571
종로구,74세,1197,537,660
종로구,75세,1109,491,618
종로구,76세,1237,548,689
종로구,77세,1135,494,641
종로구,78세,861,362,499
종로구,79세,982,427,555
종로구,80세,882,357,525
종로구,81세,1017,451,566
종로구,82세,956,369,587
종로구,83세,758,324,434
종로구,84세,734,287,447
종로구,85세,636,252,384
종로구,86세,522,197,325
종로구,87세,479,181,298
종로구,88세,396,149,247
종로구,89세,328,112,216
종로구,90세,257,95,162
종로구,91세,197,73,124
종로구,92세,153,51,102
종로구,93세,114,36,78
종로구,94세,84,22,62
종로구,95세,83,23,60
종로구,96세,48,7,41
종로구,97세,49,13,36
종로구,98세,19,8,11
종로구,99세,21,6,15
종로구,100세 이상,41,11,30
중구,계,121607,58737,62870
중구,0세,479,260,219
중구,1세,506,252,254
중구,2세,544,267,277
중구,3세,563,286,277
중구,4세,520,267,253
중구,5세,518,260,258
중구,6세,521,265,256
중구,7세,626,304,322
중구,8세,634,337,297
중구,9세,568,298,270
중구,10세,615,307,308
중구,11세,597,305,292
중구,12세,594,303,291
중구,13세,566,283,283
중구,14세,530,281,249
중구,15세,539,265,274
중구,16세,665,315,350
중구,17세,597,312,285
중구,18세,658,322,336
중구,19세,799,388,411
중구,20세,973,408,565
중구,21세,1043,469,574
중구,22세,1290,599,691
중구,23세,1603,743,860
중구,24세,1798,816,982
중구,25세,1844,816,1028
중구,26세,2041,881,1160
중구,27세,2157,953,1204
중구,28세,2293,1039,1254
중구,29세,2372,1172,1200
중구,30세,2473,1146,1327
중구,31세,2495,1214,1281
중구,32세,2516,1265,1251
중구,33세,2205,1097,1108
중구,34세,2116,1103,1013
중구,35세,2091,1038,1053
중구,36세,1973,995,978
중구,37세,1757,902,855
중구,38세,1878,940,938
중구,39세,1728,872,856
중구,40세,1842,926,916
중구,41세,1836,897,939
중구,42세,1847,964,883
중구,43세,1786,915,871
중구,44세,1768,912,856
중구,45세,1503,773,730
중구,46세,1519,779,740
중구,47세,1478,731,747
중구,48세,1476,784,692
중구,49세,1636,816,820
중구,50세,1752,873,879
중구,51세,1831,887,944
중구,52세,1952,982,970
중구,53세,2045,990,1055
중구,54세,2031,1019,1012
중구,55세,2037,1013,1024
중구,56세,1918,999,919
중구,57세,1762,939,823
중구,58세,1792,913,879
중구,59세,1928,922,1006
중구,60세,1766,890,876
중구,61세,2036,1055,981
중구,62세,1843,929,914
중구,63세,2123,1031,1092
중구,64세,1895,960,935
중구,65세,1860,878,982
중구,66세,1814,893,921
중구,67세,1718,866,852
중구,68세,1648,813,835
중구,69세,1716,851,865
중구,70세,1305,608,697
중구,71세,1308,634,674
중구,72세,1118,529,589
중구,73세,1004,475,529
중구,74세,1100,509,591
중구,75세,1042,480,562
중구,76세,1081,478,603
중구,77세,1033,431,602
중구,78세,759,306,453
중구,79세,816,349,467
중구,80세,785,329,456
중구,81세,873,352,521
중구,82세,852,346,506
중구,83세,634,261,373
중구,84세,580,225,355
중구,85세,523,192,331
중구,86세,400,124,276
중구,87세,401,131,270
중구,88세,361,106,255
중구,89세,260,81,179
중구,90세,228,54,174
중구,91세,176,47,129
중구,92세,131,44,87
중구,93세,100,25,75
중구,94세,86,20,66
중구,95세,70,22,48
중구,96세,58,13,45
중구,97세,33,5,28
중구,98세,9,4,5
중구,99세,9,1,8
중구,100세 이상,29,11,18
용산구,계,207969,99566,108403
용산구,0세,905,447,458
용산구,1세,993,485,508
용산구,2세,948,505,443
용산구,3세,989,502,487
용산구,4세,1050,557,493
용산구,5세,1056,549,507
용산구,6세,1072,526,546
용산구,7세,1161,594,567
용산구,8세,1259,645,614
용산구,9세,1237,616,621
용산구,10세,1209,613,596
용산구,11세,1299,686,613
용산구,12세,1260,662,598
용산구,13세,1301,676,625
용산구,14세,1212,618,594
용산구,15세,1337,656,681
용산구,16세,1388,705,683
용산구,17세,1365,712,653
용산구,18세,1324,655,669
용산구,19세,1661,795,866
용산구,20세,1775,786,989
용산구,21세,1917,864,1053
용산구,22세,2109,931,1178
용산구,23세,2611,1163,1448
용산구,24세,2804,1235,1569
용산구,25세,2972,1377,1595
용산구,26세,3237,1423,1814
용산구,27세,3549,1644,1905
용산구,28세,3900,1812,2088
용산구,29세,4147,1946,2201
용산구,30세,4141,2020,2121
용산구,31세,4371,2183,2188
용산구,32세,4199,2056,2143
용산구,33세,4002,1981,2021
용산구,34세,3745,1897,1848
용산구,35세,3466,1731,1735
용산구,36세,3271,1583,1688
용산구,37세,3154,1531,1623
용산구,38세,3287,1631,1656
용산구,39세,3004,1512,1492
용산구,40세,3270,1664,1606
용산구,41세,3259,1598,1661
용산구,42세,3342,1717,1625
용산구,43세,3329,1690,1639
용산구,44세,3244,1583,1661
용산구,45세,2669,1298,1371
용산구,46세,2851,1421,1430
용산구,47세,2637,1252,1385
용산구,48세,2809,1376,1433
용산구,49세,3026,1444,1582
용산구,50세,3194,1543,1651
용산구,51세,3378,1603,1775
용산구,52세,3746,1812,1934
용산구,53세,3679,1785,1894
용산구,54세,3536,1735,1801
용산구,55세,3550,1745,1805
용산구,56세,3283,1614,1669
용산구,57세,2896,1442,1454
용산구,58세,3122,1509,1613
용산구,59세,3078,1562,1516
용산구,60세,2938,1448,1490
용산구,61세,3202,1585,1617
용산구,62세,3113,1574,1539
용산구,63세,3248,1558,1690
용산구,64세,3098,1527,1571
용산구,65세,2859,1366,1493
용산구,66세,2833,1404,1429
용산구,67세,2563,1233,1330
용산구,68세,2483,1175,1308
용산구,69세,2394,1165,1229
용산구,70세,1994,940,1054
용산구,71세,1917,868,1049
용산구,72세,1548,700,848
용산구,73세,1501,695,806
용산구,74세,1603,710,893
용산구,75세,1558,734,824
용산구,76세,1565,664,901
용산구,77세,1394,580,814
용산구,78세,1112,457,655
용산구,79세,1190,475,715
용산구,80세,1108,464,644
용산구,81세,1304,549,755
용산구,82세,1226,484,742
용산구,83세,954,406,548
용산구,84세,900,310,590
용산구,85세,847,316,531
용산구,86세,785,267,518
용산구,87세,659,230,429
용산구,88세,547,175,372
용산구,89세,443,161,282
용산구,90세,358,113,245
용산구,91세,261,78,183
용산구,92세,244,71,173
용산구,93세,161,53,108
용산구,94세,132,42,90
용산구,95세,117,31,86
용산구,96세,77,17,60
용산구,97세,37,4,33
용산구,98세,29,9,20
용산구,99세,22,7,15
용산구,100세 이상,60,18,42
성동구,계,276847,134161,142686
성동구,0세,1441,741,700
성동구,1세,1432,755,677
성동구,2세,1630,832,798
성동구,3세,1592,844,748
성동구,4세,1599,849,750
성동구,5세,1666,847,819
성동구,6세,1688,866,822
성동구,7세,1830,961,869
성동구,8세,1764,899,865
성동구,9세,1858,940,918
성동구,10세,1702,843,859
성동구,11세,1780,871,909
성동구,12세,1652,818,834
성동구,13세,1640,823,817
성동구,14세,1508,767,741
성동구,15세,1669,815,854
성동구,16세,1870,935,935
성동구,17세,1767,880,887
성동구,18세,2003,1015,988
성동구,19세,2329,1122,1207
성동구,20세,2690,1193,1497
성동구,21세,2797,1243,1554
성동구,22세,3173,1451,1722
성동구,23세,4056,2004,2052
성동구,24세,4234,2100,2134
성동구,25세,4298,2053,2245
성동구,26세,4748,2277,2471
성동구,27세,4667,2296,2371
성동구,28세,4907,2461,2446
성동구,29세,4938,2502,2436
성동구,30세,4881,2346,2535
성동구,31세,5117,2536,2581
성동구,32세,4998,2461,2537
성동구,33세,4676,2280,2396
성동구,34세,4574,2196,2378
성동구,35세,4481,2118,2363
성동구,36세,4380,2136,2244
성동구,37세,4285,2121,2164
성동구,38세,4257,2180,2077
성동구,39세,4196,2059,2137
성동구,40세,4362,2204,2158
성동구,41세,4521,2330,2191
성동구,42세,4547,2326,2221
성동구,43세,4361,2210,2151
성동구,44세,4157,2098,2059
성동구,45세,3661,1835,1826
성동구,46세,3670,1782,1888
성동구,47세,3637,1870,1767
성동구,48세,3691,1800,1891
성동구,49세,3923,1855,2068
성동구,50세,4332,2090,2242
성동구,51세,4417,2186,2231
성동구,52세,4646,2237,2409
성동구,53세,4819,2365,2454
성동구,54세,4770,2379,2391
성동구,55세,4652,2246,2406
성동구,56세,4357,2151,2206
성동구,57세,3948,2029,1919
성동구,58세,4229,2060,2169
성동구,59세,4196,2081,2115
성동구,60세,3859,1944,1915
성동구,61세,4359,2172,2187
성동구,62세,4217,2110,2107
성동구,63세,4533,2255,2278
성동구,64세,4204,2048,2156
성동구,65세,3876,1917,1959
성동구,66세,3701,1801,1900
성동구,67세,3488,1658,1830
성동구,68세,3232,1523,1709
성동구,69세,3248,1538,1710
성동구,70세,2591,1207,1384
성동구,71세,2558,1200,1358
성동구,72세,2128,979,1149
성동구,73세,2070,939,1131
성동구,74세,2155,996,1159
성동구,75세,1995,881,1114
성동구,76세,2073,907,1166
성동구,77세,2067,880,1187
성동구,78세,1451,570,881
성동구,79세,1526,662,864
성동구,80세,1502,619,883
성동구,81세,1700,732,968
성동구,82세,1496,614,882
성동구,83세,1200,450,750
성동구,84세,1075,421,654
성동구,85세,921,337,584
성동구,86세,813,288,525
성동구,87세,737,248,489
성동구,88세,580,180,400
성동구,89세,465,138,327
성동구,90세,344,118,226
성동구,91세,263,74,189
성동구,92세,212,53,159
성동구,93세,151,31,120
성동구,94세,121,31,90
성동구,95세,101,28,73
성동구,96세,53,12,41
성동구,97세,45,11,34
성동구,98세,16,3,13
성동구,99세,12,3,9
성동구,100세 이상,40,13,27
광진구,계,334790,160670,174120
광진구,0세,1130,587,543
광진구,1세,1144,575,569
광진구,2세,1203,638,565
광진구,3세,1285,626,659
광진구,4세,1335,693,642
광진구,5세,1446,697,749
광진구,6세,1482,765,717
광진구,7세,1765,902,863
광진구,8세,1948,1008,940
광진구,9세,2024,1022,1002
광진구,10세,2089,1123,966
광진구,11세,2234,1114,1120
광진구,12세,2247,1125,1122
광진구,13세,2324,1177,1147
광진구,14세,2185,1170,1015
광진구,15세,2352,1201,1151
광진구,16세,2546,1273,1273
광진구,17세,2438,1197,1241
광진구,18세,2367,1198,1169
광진구,19세,2825,1331,1494
광진구,20세,3334,1528,1806
광진구,21세,3511,1518,1993
광진구,22세,4242,1919,2323
광진구,23세,5575,2563,3012
광진구,24세,6140,2853,3287
광진구,25세,6559,3079,3480
광진구,26세,6972,3195,3777
광진구,27세,7274,3333,3941
광진구,28세,7559,3594,3965
광진구,29세,7318,3529,3789
광진구,30세,7073,3454,3619
광진구,31세,6955,3469,3486
광진구,32세,6661,3333,3328
광진구,33세,5671,2892,2779
광진구,34세,5419,2734,2685
광진구,35세,5001,2524,2477
광진구,36세,4679,2326,2353
광진구,37세,4506,2221,2285
광진구,38세,4632,2291,2341
광진구,39세,4274,2084,2190
광진구,40세,4648,2241,2407
광진구,41세,4966,2450,2516
광진구,42세,5062,2481,2581
광진구,43세,5034,2417,2617
광진구,44세,4943,2420,2523
광진구,45세,4437,2154,2283
광진구,46세,4503,2255,2248
광진구,47세,4519,2192,2327
광진구,48세,4611,2309,2302
광진구,49세,4822,2340,2482
광진구,50세,5195,2554,2641
광진구,51세,5397,2599,2798
광진구,52세,5622,2760,2862
광진구,53세,5633,2741,2892
광진구,54세,5526,2590,2936
광진구,55세,5593,2724,2869
광진구,56세,5181,2507,2674
광진구,57세,4937,2408,2529
광진구,58세,4999,2423,2576
광진구,59세,4947,2442,2505
광진구,60세,4438,2209,2229
광진구,61세,5263,2607,2656
광진구,62세,4896,2390,2506
광진구,63세,5286,2494,2792
광진구,64세,5084,2402,2682
광진구,65세,4664,2200,2464
광진구,66세,4380,2091,2289
광진구,67세,4054,1878,2176
광진구,68세,3941,1833,2108
광진구,69세,3880,1817,2063
광진구,70세,3039,1432,1607
광진구,71세,3216,1471,1745
광진구,72세,2546,1143,1403
광진구,73세,2317,1069,1248
광진구,74세,2393,1101,1292
광진구,75세,2399,1099,1300
광진구,76세,2443,1066,1377
광진구,77세,2266,1028,1238
광진구,78세,1602,719,883
광진구,79세,1687,787,900
광진구,80세,1614,663,951
광진구,81세,1790,805,985
광진구,82세,1622,656,966
광진구,83세,1276,560,716
광진구,84세,1161,494,667
광진구,85세,1030,420,610
광진구,86세,845,346,499
광진구,87세,718,248,470
광진구,88세,615,191,424
광진구,89세,502,154,348
광진구,90세,394,126,268
광진구,91세,267,86,181
광진구,92세,248,63,185
광진구,93세,147,39,108
광진구,94세,130,34,96
광진구,95세,107,23,84
광진구,96세,81,21,60
광진구,97세,43,10,33
광진구,98세,27,6,21
광진구,99세,30,7,23
광진구,100세 이상,50,14,36
동대문구,계,341981,167523,174458
동대문구,0세,1353,720,633
동대문구,1세,1532,758,774
동대문구,2세,1477,775,702
동대문구,3세,1644,815,829
동대문구,4세,1782,881,901
동대문구,5세,1762,854,908
동대문구,6세,1882,976,906
동대문구,7세,2030,1044,986
동대문구,8세,2231,1153,1078
동대문구,9세,2192,1106,1086
동대문구,10세,2056,1040,1016
동대문구,11세,2308,1191,1117
동대문구,12세,2126,1074,1052
동대문구,13세,2163,1127,1036
동대문구,14세,2098,1082,1016
동대문구,15세,2143,1072,1071
동대문구,16세,2382,1241,1141
동대문구,17세,2130,1079,1051
동대문구,18세,2430,1203,1227
동대문구,19세,3276,1516,1760
동대문구,20세,3849,1639,2210
동대문구,21세,4255,1712,2543
동대문구,22세,5240,2315,2925
동대문구,23세,6425,3024,3401
동대문구,24세,6301,2955,3346
동대문구,25세,6272,3071,3201
동대문구,26세,6405,3157,3248
동대문구,27세,6083,2977,3106
동대문구,28세,6154,3117,3037
동대문구,29세,5957,3046,2911
동대문구,30세,5696,2915,2781
동대문구,31세,5816,2999,2817
동대문구,32세,5453,2846,2607
동대문구,33세,5043,2574,2469
동대문구,34세,4813,2480,2333
동대문구,35세,4688,2380,2308
동대문구,36세,4504,2332,2172
동대문구,37세,4612,2374,2238
동대문구,38세,4429,2230,2199
동대문구,39세,4527,2300,2227
동대문구,40세,4846,2545,2301
동대문구,41세,5212,2651,2561
동대문구,42세,5251,2651,2600
동대문구,43세,5131,2692,2439
동대문구,44세,5013,2559,2454
동대문구,45세,4540,2357,2183
동대문구,46세,4472,2304,2168
동대문구,47세,4342,2224,2118
동대문구,48세,4526,2319,2207
동대문구,49세,4888,2521,2367
동대문구,50세,5098,2563,2535
동대문구,51세,5419,2729,2690
동대문구,52세,5541,2835,2706
동대문구,53세,5682,2816,2866
동대문구,54세,5540,2822,2718
동대문구,55세,5600,2799,2801
동대문구,56세,4899,2438,2461
동대문구,57세,4945,2555,2390
동대문구,58세,5010,2534,2476
동대문구,59세,5027,2565,2462
동대문구,60세,4532,2282,2250
동대문구,61세,5127,2584,2543
동대문구,62세,5078,2513,2565
동대문구,63세,5613,2762,2851
동대문구,64세,5295,2533,2762
동대문구,65세,4949,2441,2508
동대문구,66세,4830,2322,2508
동대문구,67세,4450,2111,2339
동대문구,68세,4403,2133,2270
동대문구,69세,4439,2078,2361
동대문구,70세,3512,1678,1834
동대문구,71세,3647,1703,1944
동대문구,72세,3026,1361,1665
동대문구,73세,2750,1297,1453
동대문구,74세,2886,1324,1562
동대문구,75세,2860,1239,1621
동대문구,76세,2914,1271,1643
동대문구,77세,2787,1195,1592
동대문구,78세,2101,914,1187
동대문구,79세,2140,915,1225
동대문구,80세,2051,844,1207
동대문구,81세,2397,1035,1362
동대문구,82세,2118,885,1233
동대문구,83세,1634,679,955
동대문구,84세,1460,580,880
동대문구,85세,1296,486,810
동대문구,86세,1062,405,657
동대문구,87세,947,337,610
동대문구,88세,751,279,472
동대문구,89세,629,208,421
동대문구,90세,470,150,320
동대문구,91세,355,111,244
동대문구,92세,264,68,196
동대문구,93세,189,51,138
동대문구,94세,162,40,122
동대문구,95세,114,33,81
동대문구,96세,84,18,66
동대문구,97세,53,6,47
동대문구,98세,27,7,20
동대문구,99세,23,4,19
동대문구,100세 이상,55,12,43
중랑구,계,381668,186915,194753
중랑구,0세,1593,827,766
중랑구,1세,1740,860,880
중랑구,2세,1686,814,872
중랑구,3세,1547,797,750
중랑구,4세,1714,889,825
중랑구,5세,1832,954,878
중랑구,6세,1953,970,983
중랑구,7세,2064,1067,997
중랑구,8세,2253,1173,1080
중랑구,9세,2179,1127,1052
중랑구,10세,2236,1157,1079
중랑구,11세,2366,1230,1136
중랑구,12세,2342,1215,1127
중랑구,13세,2282,1146,1136
중랑구,14세,2195,1130,1065
중랑구,15세,2321,1166,1155
중랑구,16세,2476,1263,1213
중랑구,17세,2495,1318,1177
중랑구,18세,2409,1243,1166
중랑구,19세,2659,1296,1363
중랑구,20세,3021,1448,1573
중랑구,21세,3140,1495,1645
중랑구,22세,3693,1751,1942
중랑구,23세,4485,2103,2382
중랑구,24세,4814,2212,2602
중랑구,25세,5201,2461,2740
중랑구,26세,5726,2735,2991
중랑구,27세,6037,2835,3202
중랑구,28세,6480,3165,3315
중랑구,29세,6746,3313,3433
중랑구,30세,6779,3387,3392
중랑구,31세,6946,3463,3483
중랑구,32세,6685,3360,3325
중랑구,33세,5940,2977,2963
중랑구,34세,5630,2908,2722
중랑구,35세,5535,2929,2606
중랑구,36세,5225,2662,2563
중랑구,37세,5070,2618,2452
중랑구,38세,5137,2618,2519
중랑구,39세,4955,2550,2405
중랑구,40세,5258,2772,2486
중랑구,41세,5549,2861,2688
중랑구,42세,5840,3063,2777
중랑구,43세,5696,2978,2718
중랑구,44세,5730,3076,2654
중랑구,45세,4852,2518,2334
중랑구,46세,4862,2540,2322
중랑구,47세,4686,2456,2230
중랑구,48세,4992,2553,2439
중랑구,49세,5266,2698,2568
중랑구,50세,5940,2967,2973
중랑구,51세,6063,3032,3031
중랑구,52세,6379,3200,3179
중랑구,53세,6625,3308,3317
중랑구,54세,6561,3260,3301
중랑구,55세,6965,3347,3618
중랑구,56세,6524,3086,3438
중랑구,57세,6431,3186,3245
중랑구,58세,6424,3192,3232
중랑구,59세,6607,3266,3341
중랑구,60세,5964,2887,3077
중랑구,61세,7134,3492,3642
중랑구,62세,6777,3314,3463
중랑구,63세,7484,3598,3886
중랑구,64세,7127,3445,3682
중랑구,65세,6350,3048,3302
중랑구,66세,6191,3079,3112
중랑구,67세,5660,2645,3015
중랑구,68세,5514,2646,2868
중랑구,69세,5631,2700,2931
중랑구,70세,4342,2037,2305
중랑구,71세,4403,2096,2307
중랑구,72세,3718,1729,1989
중랑구,73세,3246,1532,1714
중랑구,74세,3531,1603,1928
중랑구,75세,3355,1507,1848
중랑구,76세,3320,1495,1825
중랑구,77세,3248,1441,1807
중랑구,78세,2238,983,1255
중랑구,79세,2338,996,1342
중랑구,80세,2251,974,1277
중랑구,81세,2549,1078,1471
중랑구,82세,2349,1008,1341
중랑구,83세,1652,688,964
중랑구,84세,1636,639,997
중랑구,85세,1355,531,824
중랑구,86세,1099,425,674
중랑구,87세,974,380,594
중랑구,88세,777,258,519
중랑구,89세,640,190,450
중랑구,90세,505,141,364
중랑구,91세,384,113,271
중랑구,92세,280,65,215
중랑구,93세,221,44,177
중랑구,94세,166,38,128
중랑구,95세,132,20,112
중랑구,96세,104,25,79
중랑구,97세,68,15,53
중랑구,98세,31,4,27
중랑구,99세,32,6,26
중랑구,100세 이상,55,9,46
성북구,계,424663,203536,221127
성북구,0세,1645,866,779
성북구,1세,1779,896,883
성북구,2세,1946,1024,922
성북구,3세,1981,1005,976
성북구,4세,2115,1084,1031
성북구,5세,2316,1233,1083
성북구,6세,2424,1256,1168
성북구,7세,2880,1430,1450
성북구,8세,3157,1584,1573
성북구,9세,3088,1590,1498
성북구,10세,3087,1573,1514
성북구,11세,3335,1694,1641
성북구,12세,3319,1722,1597
성북구,13세,3451,1735,1716
성북구,14세,3163,1628,1535
성북구,15세,3280,1652,1628
성북구,16세,3682,1934,1748
성북구,17세,3528,1780,1748
성북구,18세,3637,1815,1822
성북구,19세,4660,2225,2435
성북구,20세,5331,2300,3031
성북구,21세,5652,2370,3282
성북구,22세,6327,2825,3502
성북구,23세,7369,3405,3964
성북구,24세,7096,3371,3725
성북구,25세,6774,3271,3503
성북구,26세,6823,3333,3490
성북구,27세,6589,3256,3333
성북구,28세,6414,3122,3292
성북구,29세,6242,3113,3129
성북구,30세,6083,3099,2984
성북구,31세,6235,3212,3023
성북구,32세,6022,3035,2987
성북구,33세,5418,2738,2680
성북구,34세,5366,2738,2628
성북구,35세,5378,2692,2686
성북구,36세,5209,2518,2691
성북구,37세,5181,2517,2664
성북구,38세,5436,2702,2734
성북구,39세,5324,2638,2686
성북구,40세,5913,3011,2902
성북구,41세,6220,3060,3160
성북구,42세,6586,3291,3295
성북구,43세,6452,3207,3245
성북구,44세,6541,3161,3380
성북구,45세,5924,2886,3038
성북구,46세,5822,2849,2973
성북구,47세,5906,2900,3006
성북구,48세,6276,3013,3263
성북구,49세,6771,3298,3473
성북구,50세,7454,3597,3857
성북구,51세,7565,3740,3825
성북구,52세,7924,3916,4008
성북구,53세,7885,3825,4060
성북구,54세,7523,3761,3762
성북구,55세,7386,3697,3689
성북구,56세,6619,3313,3306
성북구,57세,6271,3077,3194
성북구,58세,6195,3047,3148
성북구,59세,6283,3052,3231
성북구,60세,5712,2763,2949
성북구,61세,6235,3005,3230
성북구,62세,6013,2858,3155
성북구,63세,6780,3178,3602
성북구,64세,6351,2971,3380
성북구,65세,5793,2758,3035
성북구,66세,5814,2683,3131
성북구,67세,5230,2408,2822
성북구,68세,5183,2391,2792
성북구,69세,5282,2419,2863
성북구,70세,4086,1845,2241
성북구,71세,4288,1971,2317
성북구,72세,3503,1580,1923
성북구,73세,3153,1423,1730
성북구,74세,3604,1531,2073
성북구,75세,3445,1471,1974
성북구,76세,3490,1448,2042
성북구,77세,3357,1428,1929
성북구,78세,2349,994,1355
성북구,79세,2550,1042,1508
성북구,80세,2528,1036,1492
성북구,81세,2874,1207,1667
성북구,82세,2674,1144,1530
성북구,83세,2004,807,1197
성북구,84세,1845,723,1122
성북구,85세,1639,613,1026
성북구,86세,1349,518,831
성북구,87세,1104,394,710
성북구,88세,999,343,656
성북구,89세,820,262,558
성북구,90세,552,170,382
성북구,91세,418,138,280
성북구,92세,364,89,275
성북구,93세,288,77,211
성북구,94세,204,53,151
성북구,95세,181,43,138
성북구,96세,108,21,87
성북구,97세,94,17,77
성북구,98세,49,11,38
성북구,99세,29,3,26
성북구,100세 이상,64,18,46
강북구,계,285880,138198,147682
강북구,0세,738,378,360
강북구,1세,768,356,412
강북구,2세,913,461,452
강북구,3세,938,481,457
강북구,4세,957,513,444
강북구,5세,1125,630,495
강북구,6세,1294,650,644
강북구,7세,1342,678,664
강북구,8세,1491,752,739
강북구,9세,1521,799,722
강북구,10세,1631,827,804
강북구,11세,1792,955,837
강북구,12세,1799,926,873
강북구,13세,1895,982,913
강북구,14세,1716,874,842
강북구,15세,1867,926,941
강북구,16세,1979,1050,929
강북구,17세,1926,1002,924
강북구,18세,2040,994,1046
강북구,19세,2300,1035,1265
강북구,20세,2716,1226,1490
강북구,21세,2866,1285,1581
강북구,22세,3301,1467,1834
강북구,23세,3783,1729,2054
강북구,24세,3907,1798,2109
강북구,25세,3900,1819,2081
강북구,26세,4111,2020,2091
강북구,27세,4253,2059,2194
강북구,28세,4278,2177,2101
강북구,29세,4269,2161,2108
강북구,30세,4172,2166,2006
강북구,31세,4192,2254,1938
강북구,32세,3951,2054,1897
강북구,33세,3427,1750,1677
강북구,34세,3309,1779,1530
강북구,35세,3205,1689,1516
강북구,36세,3056,1604,1452
강북구,37세,3070,1633,1437
강북구,38세,3082,1626,1456
강북구,39세,3139,1666,1473
강북구,40세,3471,1860,1611
강북구,41세,3826,1983,1843
강북구,42세,3982,2078,1904
강북구,43세,4008,2166,1842
강북구,44세,4143,2159,1984
강북구,45세,3725,1942,1783
강북구,46세,3688,1830,1858
강북구,47세,3797,1973,1824
강북구,48세,3995,1983,2012
강북구,49세,4374,2227,2147
강북구,50세,4871,2410,2461
강북구,51세,4966,2547,2419
강북구,52세,5297,2653,2644
강북구,53세,5312,2691,2621
강북구,54세,5116,2452,2664
강북구,55세,5303,2627,2676
강북구,56세,4978,2395,2583
강북구,57세,4630,2283,2347
강북구,58세,4826,2357,2469
강북구,59세,4808,2380,2428
강북구,60세,4526,2211,2315
강북구,61세,5115,2529,2586
강북구,62세,4851,2305,2546
강북구,63세,5518,2576,2942
강북구,64세,5381,2475,2906
강북구,65세,4834,2273,2561
강북구,66세,4662,2262,2400
강북구,67세,4340,2031,2309
강북구,68세,4295,1960,2335
강북구,69세,4481,2060,2421
강북구,70세,3500,1552,1948
강북구,71세,3587,1592,1995
강북구,72세,3164,1392,1772
강북구,73세,2870,1250,1620
강북구,74세,3178,1337,1841
강북구,75세,3132,1304,1828
강북구,76세,3097,1324,1773
강북구,77세,2910,1224,1686
강북구,78세,2123,868,1255
강북구,79세,2296,923,1373
강북구,80세,2259,928,1331
강북구,81세,2521,1051,1470
강북구,82세,2378,994,1384
강북구,83세,1700,693,1007
강북구,84세,1524,576,948
강북구,85세,1355,495,860
강북구,86세,1094,422,672
강북구,87세,973,391,582
강북구,88세,779,282,497
강북구,89세,577,212,365
강북구,90세,443,149,294
강북구,91세,311,97,214
강북구,92세,255,65,190
강북구,93세,178,48,130
강북구,94세,163,31,132
강북구,95세,136,42,94
강북구,96세,85,13,72
강북구,97세,51,13,38
강북구,98세,35,7,28
강북구,99세,29,1,28
강북구,100세 이상,39,13,26
도봉구,계,306057,148216,157841
도봉구,0세,944,499,445
도봉구,1세,1036,517,519
도봉구,2세,1122,587,535
도봉구,3세,1083,568,515
도봉구,4세,1253,669,584
도봉구,5세,1304,682,622
도봉구,6세,1511,782,729
도봉구,7세,1613,809,804
도봉구,8세,1901,974,927
도봉구,9세,1985,1050,935
도봉구,10세,1864,963,901
도봉구,11세,2114,1089,1025
도봉구,12세,2141,1088,1053
도봉구,13세,2247,1174,1073
도봉구,14세,2067,1066,1001
도봉구,15세,2207,1150,1057
도봉구,16세,2402,1275,1127
도봉구,17세,2303,1185,1118
도봉구,18세,2222,1126,1096
도봉구,19세,2494,1267,1227
도봉구,20세,2877,1430,1447
도봉구,21세,2850,1367,1483
도봉구,22세,3218,1570,1648
도봉구,23세,3578,1774,1804
도봉구,24세,3853,1861,1992
도봉구,25세,3816,1869,1947
도봉구,26세,4134,2059,2075
도봉구,27세,4171,2131,2040
도봉구,28세,4228,2085,2143
도봉구,29세,4287,2196,2091
도봉구,30세,4283,2236,2047
도봉구,31세,4282,2181,2101
도봉구,32세,4241,2170,2071
도봉구,33세,3793,1957,1836
도봉구,34세,3544,1845,1699
도봉구,35세,3536,1778,1758
도봉구,36세,3348,1714,1634
도봉구,37세,3335,1711,1624
도봉구,38세,3586,1817,1769
도봉구,39세,3553,1824,1729
도봉구,40세,3867,2019,1848
도봉구,41세,4137,2146,1991
도봉구,42세,4386,2193,2193
도봉구,43세,4438,2235,2203
도봉구,44세,4341,2215,2126
도봉구,45세,3830,1887,1943
도봉구,46세,3947,1951,1996
도봉구,47세,4004,2004,2000
도봉구,48세,4249,2065,2184
도봉구,49세,4663,2308,2355
도봉구,50세,5056,2459,2597
도봉구,51세,5190,2522,2668
도봉구,52세,5632,2769,2863
도봉구,53세,5768,2759,3009
도봉구,54세,5558,2657,2901
도봉구,55세,5811,2704,3107
도봉구,56세,5362,2519,2843
도봉구,57세,5163,2514,2649
도봉구,58세,5294,2501,2793
도봉구,59세,5330,2508,2822
도봉구,60세,4831,2312,2519
도봉구,61세,5688,2786,2902
도봉구,62세,5378,2487,2891
도봉구,63세,6212,2864,3348
도봉구,64세,5829,2721,3108
도봉구,65세,5373,2461,2912
도봉구,66세,5372,2581,2791
도봉구,67세,4985,2343,2642
도봉구,68세,4776,2268,2508
도봉구,69세,4845,2281,2564
도봉구,70세,3683,1725,1958
도봉구,71세,3867,1857,2010
도봉구,72세,3176,1474,1702
도봉구,73세,2877,1366,1511
도봉구,74세,3016,1381,1635
도봉구,75세,2861,1295,1566
도봉구,76세,2988,1387,1601
도봉구,77세,2845,1243,1602
도봉구,78세,2045,903,1142
도봉구,79세,2079,916,1163
도봉구,80세,2106,884,1222
도봉구,81세,2325,1004,1321
도봉구,82세,2253,984,1269
도봉구,83세,1726,714,1012
도봉구,84세,1587,629,958
도봉구,85세,1396,533,863
도봉구,86세,1097,420,677
도봉구,87세,979,332,647
도봉구,88세,803,277,526
도봉구,89세,623,211,412
도봉구,90세,516,145,371
도봉구,91세,427,123,304
도봉구,92세,309,83,226
도봉구,93세,203,49,154
도봉구,94세,185,38,147
도봉구,95세,136,33,103
도봉구,96세,109,31,78
도봉구,97세,73,19,54
도봉구,98세,40,7,33
도봉구,99세,15,2,13
도봉구,100세 이상,71,17,54
노원구,계,496406,238110,258296
노원구,0세,1918,1024,894
노원구,1세,2027,1057,970
노원구,2세,2064,1060,1004
노원구,3세,2112,1121,991
노원구,4세,2216,1157,1059
노원구,5세,2355,1219,1136
노원구,6세,2674,1356,1318
노원구,7세,3124,1566,1558
노원구,8세,3524,1808,1716
노원구,9세,3735,1884,1851
노원구,10세,3690,1937,1753
노원구,11세,4131,2178,1953
노원구,12세,4350,2248,2102
노원구,13세,4613,2386,2227
노원구,14세,4324,2231,2093
노원구,15세,4765,2463,2302
노원구,16세,5181,2757,2424
노원구,17세,4892,2512,2380
노원구,18세,5190,2701,2489
노원구,19세,5768,2863,2905
노원구,20세,6100,2913,3187
노원구,21세,5900,2867,3033
노원구,22세,6576,3297,3279
노원구,23세,7573,3907,3666
노원구,24세,7044,3712,3332
노원구,25세,6710,3472,3238
노원구,26세,6669,3416,3253
노원구,27세,6330,3202,3128
노원구,28세,6524,3365,3159
노원구,29세,6348,3148,3200
노원구,30세,6401,3216,3185
노원구,31세,6752,3437,3315
노원구,32세,6691,3326,3365
노원구,33세,6059,3030,3029
노원구,34세,6012,3003,3009
노원구,35세,5979,3055,2924
노원구,36세,5645,2878,2767
노원구,37세,5623,2856,2767
노원구,38세,5818,2891,2927
노원구,39세,5725,2883,2842
노원구,40세,6496,3139,3357
노원구,41세,6987,3405,3582
노원구,42세,7484,3563,3921
노원구,43세,7539,3712,3827
노원구,44세,7684,3568,4116
노원구,45세,6951,3337,3614
노원구,46세,7448,3488,3960
노원구,47세,7285,3432,3853
노원구,48세,7741,3625,4116
노원구,49세,8448,4032,4416
노원구,50세,9112,4299,4813
노원구,51세,9148,4459,4689
노원구,52세,9554,4503,5051
노원구,53세,9660,4699,4961
노원구,54세,9032,4383,4649
노원구,55세,9139,4458,4681
노원구,56세,8090,3842,4248
노원구,57세,7616,3764,3852
노원구,58세,7651,3669,3982
노원구,59세,7522,3579,3943
노원구,60세,6836,3247,3589
노원구,61세,8037,3812,4225
노원구,62세,7718,3661,4057
노원구,63세,8412,3892,4520
노원구,64세,7896,3610,4286
노원구,65세,7426,3394,4032
노원구,66세,7259,3361,3898
노원구,67세,6632,3005,3627
노원구,68세,6483,2876,3607
노원구,69세,6699,3101,3598
노원구,70세,5129,2394,2735
노원구,71세,5328,2426,2902
노원구,72세,4380,1988,2392
노원구,73세,3948,1788,2160
노원구,74세,4194,1849,2345
노원구,75세,3936,1692,2244
노원구,76세,3985,1717,2268
노원구,77세,3848,1602,2246
노원구,78세,2691,1107,1584
노원구,79세,2824,1158,1666
노원구,80세,2790,1138,1652
노원구,81세,3178,1257,1921
노원구,82세,2895,1112,1783
노원구,83세,2190,827,1363
노원구,84세,2004,763,1241
노원구,85세,1817,619,1198
노원구,86세,1640,534,1106
노원구,87세,1347,454,893
노원구,88세,1170,341,829
노원구,89세,955,272,683
노원구,90세,750,208,542
노원구,91세,590,163,427
노원구,92세,434,112,322
노원구,93세,354,80,274
노원구,94세,278,64,214
노원구,95세,187,33,154
노원구,96세,158,38,120
노원구,97세,105,23,82
노원구,98세,44,5,39
노원구,99세,54,11,43
노원구,100세 이상,86,18,68
은평구,계,465660,220905,244755
은평구,0세,1716,884,832
은평구,1세,1937,1013,924
은평구,2세,1925,995,930
은평구,3세,2065,1078,987
은평구,4세,2130,1108,1022
은평구,5세,2314,1138,1176
은평구,6세,2378,1205,1173
은평구,7세,2782,1432,1350
은평구,8세,3062,1540,1522
은평구,9세,3205,1636,1569
은평구,10세,2996,1548,1448
은평구,11세,3400,1734,1666
은평구,12세,3305,1662,1643
은평구,13세,3429,1768,1661
은평구,14세,3360,1698,1662
은평구,15세,3555,1851,1704
은평구,16세,3860,1976,1884
은평구,17세,3707,1903,1804
은평구,18세,3557,1840,1717
은평구,19세,3848,1932,1916
은평구,20세,4310,2140,2170
은평구,21세,4437,2195,2242
은평구,22세,4730,2281,2449
은평구,23세,5732,2674,3058
은평구,24세,6138,2835,3303
은평구,25세,6329,2883,3446
은평구,26세,6957,3065,3892
은평구,27세,7307,3212,4095
은평구,28세,7525,3466,4059
은평구,29세,7708,3646,4062
은평구,30세,7853,3722,4131
은평구,31세,7825,3771,4054
은평구,32세,7526,3688,3838
은평구,33세,6927,3345,3582
은평구,34세,6477,3309,3168
은평구,35세,6149,2973,3176
은평구,36세,5922,2925,2997
은평구,37세,5938,2881,3057
은평구,38세,5975,2921,3054
은평구,39세,5831,2893,2938
은평구,40세,6611,3341,3270
은평구,41세,6993,3444,3549
은평구,42세,7364,3736,3628
은평구,43세,7274,3654,3620
은평구,44세,7274,3533,3741
은평구,45세,6320,3105,3215
은평구,46세,6592,3196,3396
은평구,47세,6501,3207,3294
은평구,48세,6905,3373,3532
은평구,49세,7387,3552,3835
은평구,50세,8063,3936,4127
은평구,51세,8161,3978,4183
은평구,52세,8552,4164,4388
은평구,53세,8430,4056,4374
은평구,54세,8054,3882,4172
은평구,55세,8242,4027,4215
은평구,56세,7255,3389,3866
은평구,57세,7161,3498,3663
은평구,58세,7120,3348,3772
은평구,59세,7009,3319,3690
은평구,60세,6617,3134,3483
은평구,61세,7527,3604,3923
은평구,62세,7254,3418,3836
은평구,63세,7941,3675,4266
은평구,64세,7687,3535,4152
은평구,65세,7018,3293,3725
은평구,66세,6748,3082,3666
은평구,67세,6223,2853,3370
은평구,68세,6072,2785,3287
은평구,69세,6242,2759,3483
은평구,70세,4863,2140,2723
은평구,71세,5146,2298,2848
은평구,72세,4125,1802,2323
은평구,73세,4027,1752,2275
은평구,74세,4144,1811,2333
은평구,75세,4012,1765,2247
은평구,76세,4192,1755,2437
은평구,77세,3925,1709,2216
은평구,78세,2924,1250,1674
은평구,79세,2908,1203,1705
은평구,80세,2864,1142,1722
은평구,81세,3314,1395,1919
은평구,82세,3032,1325,1707
은평구,83세,2235,920,1315
은평구,84세,2065,862,1203
은평구,85세,1889,718,1171
은평구,86세,1481,557,924
은평구,87세,1371,499,872
은평구,88세,1117,401,716
은평구,89세,877,279,598
은평구,90세,654,220,434
은평구,91세,466,143,323
은평구,92세,362,91,271
은평구,93세,257,63,194
은평구,94세,209,52,157
은평구,95세,159,50,109
은평구,96세,107,20,87
은평구,97세,70,11,59
은평구,98세,46,7,39
은평구,99세,36,7,29
은평구,100세 이상,59,16,43
서대문구,계,306001,145109,160892
서대문구,0세,1277,659,618
서대문구,1세,1362,725,637
서대문구,2세,1505,810,695
서대문구,3세,1479,710,769
서대문구,4세,1551,809,742
서대문구,5세,1643,876,767
서대문구,6세,1843,928,915
서대문구,7세,1997,989,1008
서대문구,8세,2187,1131,1056
서대문구,9세,2243,1116,1127
서대문구,10세,2101,1048,1053
서대문구,11세,2201,1100,1101
서대문구,12세,2060,1049,1011
서대문구,13세,2204,1135,1069
서대문구,14세,2084,1032,1052
서대문구,15세,2087,1059,1028
서대문구,16세,2229,1098,1131
서대문구,17세,2203,1120,1083
서대문구,18세,2237,1089,1148
서대문구,19세,2773,1253,1520
서대문구,20세,3360,1431,1929
서대문구,21세,3719,1574,2145
서대문구,22세,4225,1809,2416
서대문구,23세,5090,2217,2873
서대문구,24세,5195,2395,2800
서대문구,25세,5338,2533,2805
서대문구,26세,5387,2485,2902
서대문구,27세,5425,2587,2838
서대문구,28세,5467,2683,2784
서대문구,29세,5222,2626,2596
서대문구,30세,5158,2541,2617
서대문구,31세,5083,2557,2526
서대문구,32세,4972,2487,2485
서대문구,33세,4533,2179,2354
서대문구,34세,4347,2170,2177
서대문구,35세,4264,2044,2220
서대문구,36세,4024,1978,2046
서대문구,37세,4125,2044,2081
서대문구,38세,4137,2051,2086
서대문구,39세,4099,2033,2066
서대문구,40세,4406,2154,2252
서대문구,41세,4591,2272,2319
서대문구,42세,4766,2400,2366
서대문구,43세,4647,2312,2335
서대문구,44세,4420,2210,2210
서대문구,45세,4108,2035,2073
서대문구,46세,4084,1983,2101
서대문구,47세,4034,1953,2081
서대문구,48세,4152,2096,2056
서대문구,49세,4460,2180,2280
서대문구,50세,4917,2301,2616
서대문구,51세,4965,2385,2580
서대문구,52세,5372,2638,2734
서대문구,53세,5368,2626,2742
서대문구,54세,5197,2499,2698
서대문구,55세,5173,2504,2669
서대문구,56세,4649,2208,2441
서대문구,57세,4391,2145,2246
서대문구,58세,4523,2281,2242
서대문구,59세,4584,2150,2434
서대문구,60세,4036,1908,2128
서대문구,61세,4592,2238,2354
서대문구,62세,4344,2128,2216
서대문구,63세,4861,2221,2640
서대문구,64세,4501,2108,2393
서대문구,65세,4249,2012,2237
서대문구,66세,4049,1961,2088
서대문구,67세,3719,1682,2037
서대문구,68세,3589,1667,1922
서대문구,69세,3662,1671,1991
서대문구,70세,2824,1296,1528
서대문구,71세,3021,1396,1625
서대문구,72세,2389,1064,1325
서대문구,73세,2232,963,1269
서대문구,74세,2519,1057,1462
서대문구,75세,2322,941,1381
서대문구,76세,2456,1043,1413
서대문구,77세,2485,1038,1447
서대문구,78세,1734,738,996
서대문구,79세,1837,766,1071
서대문구,80세,1782,688,1094
서대문구,81세,2152,880,1272
서대문구,82세,1982,809,1173
서대문구,83세,1450,574,876
서대문구,84세,1461,536,925
서대문구,85세,1267,496,771
서대문구,86세,1048,390,658
서대문구,87세,957,344,613
서대문구,88세,806,284,522
서대문구,89세,610,209,401
서대문구,90세,439,144,295
서대문구,91세,354,103,251
서대문구,92세,257,76,181
서대문구,93세,210,53,157
서대문구,94세,180,45,135
서대문구,95세,116,35,81
서대문구,96세,81,19,62
서대문구,97세,73,14,59
서대문구,98세,27,5,22
서대문구,99세,26,3,23
서대문구,100세 이상,59,12,47
마포구,계,363449,169555,193894
마포구,0세,1525,749,776
마포구,1세,1647,839,808
마포구,2세,1725,881,844
마포구,3세,1781,931,850
마포구,4세,1794,931,863
마포구,5세,2025,1061,964
마포구,6세,2030,1002,1028
마포구,7세,2483,1266,1217
마포구,8세,2562,1285,1277
마포구,9세,2528,1303,1225
마포구,10세,2335,1162,1173
마포구,11세,2634,1345,1289
마포구,12세,2518,1274,1244
마포구,13세,2610,1314,1296
마포구,14세,2498,1284,1214
마포구,15세,2584,1296,1288
마포구,16세,2843,1432,1411
마포구,17세,2587,1280,1307
마포구,18세,2704,1355,1349
마포구,19세,3097,1432,1665
마포구,20세,3565,1631,1934
마포구,21세,3720,1638,2082
마포구,22세,4479,1891,2588
마포구,23세,5549,2422,3127
마포구,24세,5934,2535,3399
마포구,25세,6313,2684,3629
마포구,26세,6906,2923,3983
마포구,27세,7233,3148,4085
마포구,28세,7521,3295,4226
마포구,29세,7421,3400,4021
마포구,30세,7432,3521,3911
마포구,31세,7661,3541,4120
마포구,32세,7325,3455,3870
마포구,33세,6541,3141,3400
마포구,34세,6171,2950,3221
마포구,35세,5962,2775,3187
마포구,36세,5762,2694,3068
마포구,37세,5749,2655,3094
마포구,38세,5714,2766,2948
마포구,39세,5536,2668,2868
마포구,40세,5850,2825,3025
마포구,41세,6012,2918,3094
마포구,42세,6178,3051,3127
마포구,43세,5824,2827,2997
마포구,44세,5848,2812,3036
마포구,45세,5199,2548,2651
마포구,46세,5236,2452,2784
마포구,47세,5345,2535,2810
마포구,48세,5337,2554,2783
마포구,49세,5655,2742,2913
마포구,50세,6080,2953,3127
마포구,51세,6226,2951,3275
마포구,52세,6375,3140,3235
마포구,53세,6268,2990,3278
마포구,54세,5942,2980,2962
마포구,55세,5808,2842,2966
마포구,56세,5188,2459,2729
마포구,57세,4728,2315,2413
마포구,58세,4870,2416,2454
마포구,59세,4828,2297,2531
마포구,60세,4315,2139,2176
마포구,61세,4823,2350,2473
마포구,62세,4553,2203,2350
마포구,63세,4974,2391,2583
마포구,64세,4675,2214,2461
마포구,65세,4198,1908,2290
마포구,66세,4044,1880,2164
마포구,67세,3823,1704,2119
마포구,68세,3634,1635,1999
마포구,69세,3654,1694,1960
마포구,70세,2813,1211,1602
마포구,71세,2942,1315,1627
마포구,72세,2460,1093,1367
마포구,73세,2266,954,1312
마포구,74세,2486,1045,1441
마포구,75세,2387,961,1426
마포구,76세,2450,1019,1431
마포구,77세,2391,940,1451
마포구,78세,1704,656,1048
마포구,79세,1950,819,1131
마포구,80세,1778,708,1070
마포구,81세,2099,885,1214
마포구,82세,1921,793,1128
마포구,83세,1520,587,933
마포구,84세,1340,543,797
마포구,85세,1208,437,771
마포구,86세,1015,378,637
마포구,87세,913,314,599
마포구,88세,771,268,503
마포구,89세,597,196,401
마포구,90세,493,145,348
마포구,91세,392,127,265
마포구,92세,291,90,201
마포구,93세,219,63,156
마포구,94세,149,35,114
마포구,95세,147,37,110
마포구,96세,96,25,71
마포구,97세,55,11,44
마포구,98세,40,11,29
마포구,99세,12,1,11
마포구,100세 이상,50,8,42
양천구,계,433975,211634,222341
양천구,0세,1405,724,681
양천구,1세,1592,776,816
양천구,2세,1701,925,776
양천구,3세,1959,1002,957
양천구,4세,2031,1074,957
양천구,5세,2427,1303,1124
양천구,6세,2857,1413,1444
양천구,7세,3330,1733,1597
양천구,8세,3651,1817,1834
양천구,9세,3891,1998,1893
양천구,10세,4168,2151,2017
양천구,11세,4686,2358,2328
양천구,12세,4731,2498,2233
양천구,13세,5030,2623,2407
양천구,14세,4729,2455,2274
양천구,15세,4867,2522,2345
양천구,16세,5253,2776,2477
양천구,17세,4742,2450,2292
양천구,18세,4457,2339,2118
양천구,19세,4470,2311,2159
양천구,20세,4492,2319,2173
양천구,21세,4286,2235,2051
양천구,22세,4412,2233,2179
양천구,23세,5011,2517,2494
양천구,24세,5270,2597,2673
양천구,25세,5256,2608,2648
양천구,26세,5617,2764,2853
양천구,27세,5551,2752,2799
양천구,28세,5812,2908,2904
양천구,29세,5821,2971,2850
양천구,30세,5805,2959,2846
양천구,31세,5810,2886,2924
양천구,32세,5750,2888,2862
양천구,33세,5237,2696,2541
양천구,34세,4938,2511,2427
양천구,35세,4929,2425,2504
양천구,36세,4729,2318,2411
양천구,37세,4900,2349,2551
양천구,38세,5304,2599,2705
양천구,39세,5391,2575,2816
양천구,40세,6145,2966,3179
양천구,41세,6735,3164,3571
양천구,42세,7260,3479,3781
양천구,43세,7440,3512,3928
양천구,44세,7726,3670,4056
양천구,45세,7114,3378,3736
양천구,46세,7197,3346,3851
양천구,47세,7097,3448,3649
양천구,48세,7438,3622,3816
양천구,49세,7670,3779,3891
양천구,50세,7999,3924,4075
양천구,51세,7990,3937,4053
양천구,52세,8232,4142,4090
양천구,53세,8141,4033,4108
양천구,54세,7662,3819,3843
양천구,55세,7725,3778,3947
양천구,56세,6924,3454,3470
양천구,57세,6628,3259,3369
양천구,58세,6640,3281,3359
양천구,59세,6718,3264,3454
양천구,60세,6101,2935,3166
양천구,61세,6964,3441,3523
양천구,62세,6488,3136,3352
양천구,63세,7237,3455,3782
양천구,64세,6902,3298,3604
양천구,65세,6327,2936,3391
양천구,66세,5991,2804,3187
양천구,67세,5718,2658,3060
양천구,68세,5508,2555,2953
양천구,69세,5668,2661,3007
양천구,70세,4433,2118,2315
양천구,71세,4524,2108,2416
양천구,72세,3693,1767,1926
양천구,73세,3317,1616,1701
양천구,74세,3521,1669,1852
양천구,75세,3335,1570,1765
양천구,76세,3190,1470,1720
양천구,77세,2956,1389,1567
양천구,78세,1925,854,1071
양천구,79세,2192,959,1233
양천구,80세,1938,841,1097
양천구,81세,2144,959,1185
양천구,82세,1879,814,1065
양천구,83세,1442,564,878
양천구,84세,1354,518,836
양천구,85세,1202,436,766
양천구,86세,1003,365,638
양천구,87세,859,264,595
양천구,88세,725,227,498
양천구,89세,587,168,419
양천구,90세,506,126,380
양천구,91세,393,93,300
양천구,92세,328,72,256
양천구,93세,205,41,164
양천구,94세,196,38,158
양천구,95세,145,34,111
양천구,96세,98,25,73
양천구,97세,61,18,43
양천구,98세,50,4,46
양천구,99세,31,5,26
양천구,100세 이상,60,10,50
강서구,계,560679,268551,292128
강서구,0세,2392,1245,1147
강서구,1세,2479,1227,1252
강서구,2세,2567,1283,1284
강서구,3세,2633,1344,1289
강서구,4세,2868,1498,1370
강서구,5세,2896,1503,1393
강서구,6세,3091,1558,1533
강서구,7세,3448,1742,1706
강서구,8세,3971,2073,1898
강서구,9세,3848,1883,1965
강서구,10세,3917,2053,1864
강서구,11세,4296,2183,2113
강서구,12세,4201,2172,2029
강서구,13세,4143,2098,2045
강서구,14세,3772,1963,1809
강서구,15세,4090,2106,1984
강서구,16세,4528,2339,2189
강서구,17세,4140,2126,2014
강서구,18세,4040,2092,1948
강서구,19세,4293,2109,2184
강서구,20세,4731,2357,2374
강서구,21세,4804,2327,2477
강서구,22세,5521,2563,2958
강서구,23세,6709,2961,3748
강서구,24세,7379,3168,4211
강서구,25세,8031,3473,4558
강서구,26세,9231,3957,5274
강서구,27세,9931,4399,5532
강서구,28세,10674,4885,5789
강서구,29세,11261,5243,6018
강서구,30세,11145,5324,5821
강서구,31세,11579,5633,5946
강서구,32세,11246,5482,5764
강서구,33세,10173,5090,5083
강서구,34세,9514,4849,4665
강서구,35세,9138,4609,4529
강서구,36세,8500,4263,4237
강서구,37세,8383,4320,4063
강서구,38세,8409,4256,4153
강서구,39세,7877,4034,3843
강서구,40세,8666,4451,4215
강서구,41세,8998,4587,4411
강서구,42세,9548,4832,4716
강서구,43세,9105,4617,4488
강서구,44세,9082,4556,4526
강서구,45세,8040,3955,4085
강서구,46세,7954,3935,4019
강서구,47세,7736,3922,3814
강서구,48세,7949,3883,4066
강서구,49세,8340,4145,4195
강서구,50세,8861,4390,4471
강서구,51세,8924,4489,4435
강서구,52세,8844,4404,4440
강서구,53세,8812,4333,4479
강서구,54세,8437,4153,4284
강서구,55세,8677,4244,4433
강서구,56세,7593,3632,3961
강서구,57세,7441,3557,3884
강서구,58세,7670,3559,4111
강서구,59세,8016,3759,4257
강서구,60세,7236,3406,3830
강서구,61세,8509,4011,4498
강서구,62세,8258,3867,4391
강서구,63세,9311,4238,5073
강서구,64세,8901,4097,4804
강서구,65세,8327,3868,4459
강서구,66세,7995,3667,4328
강서구,67세,7473,3393,4080
강서구,68세,7253,3242,4011
강서구,69세,7383,3348,4035
강서구,70세,5772,2615,3157
강서구,71세,6038,2801,3237
강서구,72세,4886,2234,2652
강서구,73세,4378,2007,2371
강서구,74세,4736,2179,2557
강서구,75세,4374,2063,2311
강서구,76세,4311,1983,2328
강서구,77세,4075,1920,2155
강서구,78세,2838,1291,1547
강서구,79세,2879,1330,1549
강서구,80세,2658,1163,1495
강서구,81세,2904,1246,1658
강서구,82세,2548,1051,1497
강서구,83세,2159,868,1291
강서구,84세,1864,698,1166
강서구,85세,1706,621,1085
강서구,86세,1345,487,858
강서구,87세,1165,354,811
강서구,88세,1088,337,751
강서구,89세,875,279,596
강서구,90세,665,191,474
강서구,91세,538,140,398
강서구,92세,446,105,341
강서구,93세,326,74,252
강서구,94세,277,66,211
강서구,95세,204,48,156
강서구,96세,145,22,123
강서구,97세,88,15,73
강서구,98세,69,9,60
강서구,99세,45,5,40
강서구,100세 이상,89,19,70
구로구,계,390952,191538,199414
구로구,0세,1869,937,932
구로구,1세,1937,1010,927
구로구,2세,1947,1024,923
구로구,3세,1969,1013,956
구로구,4세,2069,1074,995
구로구,5세,2214,1167,1047
구로구,6세,2204,1135,1069
구로구,7세,2341,1186,1155
구로구,8세,2693,1376,1317
구로구,9세,2630,1316,1314
구로구,10세,2602,1348,1254
구로구,11세,2857,1402,1455
구로구,12세,2729,1361,1368
구로구,13세,2919,1506,1413
구로구,14세,2616,1364,1252
구로구,15세,2764,1374,1390
구로구,16세,3019,1522,1497
구로구,17세,2750,1398,1352
구로구,18세,2739,1450,1289
구로구,19세,2915,1510,1405
구로구,20세,3057,1527,1530
구로구,21세,3334,1651,1683
구로구,22세,3756,1902,1854
구로구,23세,4555,2147,2408
구로구,24세,5034,2257,2777
구로구,25세,5277,2458,2819
구로구,26세,5833,2689,3144
구로구,27세,6122,2925,3197
구로구,28세,6503,3227,3276
구로구,29세,6662,3338,3324
구로구,30세,6607,3318,3289
구로구,31세,6892,3419,3473
구로구,32세,6854,3440,3414
구로구,33세,6355,3176,3179
구로구,34세,6124,3164,2960
구로구,35세,6008,3106,2902
구로구,36세,5694,2972,2722
구로구,37세,5591,2871,2720
구로구,38세,5477,2819,2658
구로구,39세,5340,2793,2547
구로구,40세,5725,2981,2744
구로구,41세,6012,3095,2917
구로구,42세,6243,3258,2985
구로구,43세,6204,3205,2999
구로구,44세,6048,3053,2995
구로구,45세,5429,2731,2698
구로구,46세,5435,2787,2648
구로구,47세,5348,2722,2626
구로구,48세,5421,2679,2742
구로구,49세,5802,2984,2818
구로구,50세,6198,3083,3115
구로구,51세,6474,3278,3196
구로구,52세,6444,3251,3193
구로구,53세,6549,3270,3279
구로구,54세,6280,3132,3148
구로구,55세,6424,3030,3394
구로구,56세,5875,2865,3010
구로구,57세,5709,2885,2824
구로구,58세,5888,2901,2987
구로구,59세,6001,2947,3054
구로구,60세,5402,2617,2785
구로구,61세,6295,3064,3231
구로구,62세,6062,2972,3090
구로구,63세,6727,3208,3519
구로구,64세,6371,2943,3428
구로구,65세,6042,2827,3215
구로구,66세,5738,2692,3046
구로구,67세,5399,2534,2865
구로구,68세,5411,2472,2939
구로구,69세,5398,2464,2934
구로구,70세,4489,2056,2433
구로구,71세,4417,2001,2416
구로구,72세,3818,1790,2028
구로구,73세,3460,1604,1856
구로구,74세,3863,1801,2062
구로구,75세,3527,1695,1832
구로구,76세,3480,1618,1862
구로구,77세,3258,1541,1717
구로구,78세,2316,1033,1283
구로구,79세,2405,1091,1314
구로구,80세,2270,1035,1235
구로구,81세,2487,1092,1395
구로구,82세,2224,1003,1221
구로구,83세,1657,691,966
구로구,84세,1456,597,859
구로구,85세,1387,572,815
구로구,86세,1080,412,668
구로구,87세,922,342,580
구로구,88세,752,266,486
구로구,89세,632,207,425
구로구,90세,434,135,299
구로구,91세,353,112,241
구로구,92세,287,69,218
구로구,93세,192,48,144
구로구,94세,176,39,137
구로구,95세,130,40,90
구로구,96세,100,15,85
구로구,97세,63,11,52
구로구,98세,32,4,28
구로구,99세,22,5,17
구로구,100세 이상,51,11,40
금천구,계,226955,114184,112771
금천구,0세,805,384,421
금천구,1세,875,443,432
금천구,2세,849,431,418
금천구,3세,841,431,410
금천구,4세,874,445,429
금천구,5세,932,481,451
금천구,6세,976,500,476
금천구,7세,1012,532,480
금천구,8세,1132,558,574
금천구,9세,1133,556,577
금천구,10세,1129,598,531
금천구,11세,1252,644,608
금천구,12세,1198,605,593
금천구,13세,1255,624,631
금천구,14세,1184,613,571
금천구,15세,1204,609,595
금천구,16세,1357,686,671
금천구,17세,1406,714,692
금천구,18세,1331,659,672
금천구,19세,1435,693,742
금천구,20세,1630,821,809
금천구,21세,1723,876,847
금천구,22세,2087,971,1116
금천구,23세,2718,1221,1497
금천구,24세,3272,1469,1803
금천구,25세,3756,1752,2004
금천구,26세,4469,2109,2360
금천구,27세,4804,2289,2515
금천구,28세,5152,2622,2530
금천구,29세,5129,2702,2427
금천구,30세,5132,2728,2404
금천구,31세,5103,2769,2334
금천구,32세,4699,2623,2076
금천구,33세,4065,2210,1855
금천구,34세,3665,2090,1575
금천구,35세,3600,2015,1585
금천구,36세,3182,1724,1458
금천구,37세,3002,1687,1315
금천구,38세,3001,1652,1349
금천구,39세,2682,1463,1219
금천구,40세,3046,1690,1356
금천구,41세,2985,1634,1351
금천구,42세,3184,1705,1479
금천구,43세,3038,1707,1331
금천구,44세,2962,1590,1372
금천구,45세,2632,1386,1246
금천구,46세,2732,1446,1286
금천구,47세,2692,1399,1293
금천구,48세,2860,1455,1405
금천구,49세,2998,1586,1412
금천구,50세,3377,1732,1645
금천구,51세,3605,1836,1769
금천구,52세,3639,1884,1755
금천구,53세,3784,1881,1903
금천구,54세,3749,1884,1865
금천구,55세,3899,1932,1967
금천구,56세,3641,1761,1880
금천구,57세,3673,1793,1880
금천구,58세,3948,2004,1944
금천구,59세,3903,1982,1921
금천구,60세,3557,1784,1773
금천구,61세,4188,2145,2043
금천구,62세,3915,1976,1939
금천구,63세,4328,2149,2179
금천구,64세,4116,2077,2039
금천구,65세,3800,1814,1986
금천구,66세,3374,1695,1679
금천구,67세,3154,1536,1618
금천구,68세,3094,1518,1576
금천구,69세,3155,1432,1723
금천구,70세,2424,1150,1274
금천구,71세,2399,1142,1257
금천구,72세,2223,1014,1209
금천구,73세,1887,934,953
금천구,74세,2092,961,1131
금천구,75세,1933,922,1011
금천구,76세,1888,839,1049
금천구,77세,1853,857,996
금천구,78세,1305,566,739
금천구,79세,1337,609,728
금천구,80세,1256,560,696
금천구,81세,1455,652,803
금천구,82세,1265,552,713
금천구,83세,923,361,562
금천구,84세,897,385,512
금천구,85세,783,305,478
금천구,86세,599,256,343
금천구,87세,497,159,338
금천구,88세,456,162,294
금천구,89세,349,106,243
금천구,90세,268,73,195
금천구,91세,227,63,164
금천구,92세,153,47,106
금천구,93세,128,32,96
금천구,94세,88,27,61
금천구,95세,56,7,49
금천구,96세,39,9,30
금천구,97세,31,6,25
금천구,98세,18,3,15
금천구,99세,13,3,10
금천구,100세 이상,34,10,24
영등포구,계,375090,183600,191490
영등포구,0세,1969,1028,941
영등포구,1세,2024,1027,997
영등포구,2세,2126,1084,1042
영등포구,3세,1973,1027,946
영등포구,4세,2040,1030,1010
영등포구,5세,2162,1075,1087
영등포구,6세,2227,1123,1104
영등포구,7세,2235,1122,1113
영등포구,8세,2479,1265,1214
영등포구,9세,2385,1236,1149
영등포구,10세,2191,1174,1017
영등포구,11세,2347,1197,1150
영등포구,12세,2287,1145,1142
영등포구,13세,2291,1136,1155
영등포구,14세,2129,1089,1040
영등포구,15세,2204,1113,1091
영등포구,16세,2400,1298,1102
영등포구,17세,2234,1145,1089
영등포구,18세,2273,1209,1064
영등포구,19세,2508,1304,1204
영등포구,20세,2900,1448,1452
영등포구,21세,2902,1387,1515
영등포구,22세,3529,1607,1922
영등포구,23세,4647,1975,2672
영등포구,24세,5295,2167,3128
영등포구,25세,6182,2621,3561
영등포구,26세,6992,2958,4034
영등포구,27세,7652,3425,4227
영등포구,28세,8239,3828,4411
영등포구,29세,8477,4122,4355
영등포구,30세,8511,4204,4307
영등포구,31세,8671,4325,4346
영등포구,32세,8538,4272,4266
영등포구,33세,7538,3758,3780
영등포구,34세,7215,3687,3528
영등포구,35세,6851,3468,3383
영등포구,36세,6346,3270,3076
영등포구,37세,6160,3154,3006
영등포구,38세,5911,3071,2840
영등포구,39세,5735,2976,2759
영등포구,40세,5762,2982,2780
영등포구,41세,5980,3126,2854
영등포구,42세,6015,3153,2862
영등포구,43세,5686,2962,2724
영등포구,44세,5566,2824,2742
영등포구,45세,4902,2513,2389
영등포구,46세,4849,2484,2365
영등포구,47세,4878,2478,2400
영등포구,48세,4861,2426,2435
영등포구,49세,5076,2626,2450
영등포구,50세,5487,2724,2763
영등포구,51세,5649,2853,2796
영등포구,52세,5913,3000,2913
영등포구,53세,5952,3010,2942
영등포구,54세,5647,2829,2818
영등포구,55세,5903,2973,2930
영등포구,56세,5174,2582,2592
영등포구,57세,5154,2623,2531
영등포구,58세,5208,2698,2510
영등포구,59세,5268,2663,2605
영등포구,60세,4839,2467,2372
영등포구,61세,5484,2858,2626
영등포구,62세,5087,2511,2576
영등포구,63세,5674,2759,2915
영등포구,64세,5429,2615,2814
영등포구,65세,5028,2461,2567
영등포구,66세,4794,2341,2453
영등포구,67세,4438,2148,2290
영등포구,68세,4283,2078,2205
영등포구,69세,4478,2065,2413
영등포구,70세,3331,1563,1768
영등포구,71세,3575,1697,1878
영등포구,72세,3019,1426,1593
영등포구,73세,2851,1282,1569
영등포구,74세,2987,1363,1624
영등포구,75세,2862,1315,1547
영등포구,76세,2859,1300,1559
영등포구,77세,2712,1220,1492
영등포구,78세,1958,919,1039
영등포구,79세,1984,886,1098
영등포구,80세,1945,821,1124
영등포구,81세,2233,957,1276
영등포구,82세,1966,825,1141
영등포구,83세,1487,642,845
영등포구,84세,1433,586,847
영등포구,85세,1283,547,736
영등포구,86세,1085,416,669
영등포구,87세,924,336,588
영등포구,88세,822,328,494
영등포구,89세,634,231,403
영등포구,90세,499,157,342
영등포구,91세,394,116,278
영등포구,92세,288,88,200
영등포구,93세,198,65,133
영등포구,94세,152,38,114
영등포구,95세,121,35,86
영등포구,96세,89,22,67
영등포구,97세,52,13,39
영등포구,98세,26,4,22
영등포구,99세,20,4,16
영등포구,100세 이상,62,16,46
동작구,계,378871,183129,195742
동작구,0세,1631,852,779
동작구,1세,1554,804,750
동작구,2세,1639,826,813
동작구,3세,1709,883,826
동작구,4세,1762,932,830
동작구,5세,1976,1022,954
동작구,6세,2000,983,1017
동작구,7세,2193,1069,1124
동작구,8세,2548,1304,1244
동작구,9세,2581,1317,1264
동작구,10세,2325,1193,1132
동작구,11세,2557,1311,1246
동작구,12세,2428,1247,1181
동작구,13세,2613,1349,1264
동작구,14세,2371,1215,1156
동작구,15세,2439,1270,1169
동작구,16세,2593,1371,1222
동작구,17세,2605,1340,1265
동작구,18세,2726,1322,1404
동작구,19세,3329,1671,1658
동작구,20세,3841,1775,2066
동작구,21세,4243,1987,2256
동작구,22세,4889,2267,2622
동작구,23세,6238,2933,3305
동작구,24세,6596,3071,3525
동작구,25세,7066,3410,3656
동작구,26세,7539,3570,3969
동작구,27세,7766,3775,3991
동작구,28세,7734,3868,3866
동작구,29세,7737,4018,3719
동작구,30세,7272,3691,3581
동작구,31세,7350,3718,3632
동작구,32세,6951,3503,3448
동작구,33세,6395,3298,3097
동작구,34세,5877,3017,2860
동작구,35세,5597,2882,2715
동작구,36세,5363,2695,2668
동작구,37세,5158,2585,2573
동작구,38세,5101,2609,2492
동작구,39세,5028,2594,2434
동작구,40세,5281,2619,2662
동작구,41세,5635,2850,2785
동작구,42세,5856,2971,2885
동작구,43세,5594,2858,2736
동작구,44세,5720,2856,2864
동작구,45세,5063,2574,2489
동작구,46세,4932,2358,2574
동작구,47세,5125,2594,2531
동작구,48세,5180,2507,2673
동작구,49세,5508,2745,2763
동작구,50세,5891,2927,2964
동작구,51세,5929,2853,3076
동작구,52세,6258,3104,3154
동작구,53세,6135,2974,3161
동작구,54세,6088,3031,3057
동작구,55세,6130,2983,3147
동작구,56세,5354,2519,2835
동작구,57세,5258,2589,2669
동작구,58세,5160,2431,2729
동작구,59세,5325,2572,2753
동작구,60세,4938,2373,2565
동작구,61세,5437,2603,2834
동작구,62세,5258,2486,2772
동작구,63세,5737,2619,3118
동작구,64세,5634,2620,3014
동작구,65세,5134,2360,2774
동작구,66세,5027,2303,2724
동작구,67세,4537,2044,2493
동작구,68세,4573,2124,2449
동작구,69세,4559,2063,2496
동작구,70세,3642,1664,1978
동작구,71세,3795,1701,2094
동작구,72세,3321,1449,1872
동작구,73세,2983,1296,1687
동작구,74세,3249,1413,1836
동작구,75세,3076,1328,1748
동작구,76세,3163,1374,1789
동작구,77세,3118,1332,1786
동작구,78세,2152,907,1245
동작구,79세,2248,955,1293
동작구,80세,2049,923,1126
동작구,81세,2373,1089,1284
동작구,82세,2149,982,1167
동작구,83세,1613,698,915
동작구,84세,1456,581,875
동작구,85세,1353,545,808
동작구,86세,1076,405,671
동작구,87세,1004,364,640
동작구,88세,798,292,506
동작구,89세,652,214,438
동작구,90세,490,155,335
동작구,91세,402,106,296
동작구,92세,275,86,189
동작구,93세,232,58,174
동작구,94세,190,52,138
동작구,95세,143,34,109
동작구,96세,96,23,73
동작구,97세,65,13,52
동작구,98세,39,6,33
동작구,99세,33,11,22
동작구,100세 이상,60,16,44
관악구,계,481722,242633,239089
관악구,0세,1295,645,650
관악구,1세,1330,660,670
관악구,2세,1423,724,699
관악구,3세,1325,664,661
관악구,4세,1491,762,729
관악구,5세,1463,781,682
관악구,6세,1578,859,719
관악구,7세,1854,949,905
관악구,8세,2006,1037,969
관악구,9세,2113,1106,1007
관악구,10세,2052,1048,1004
관악구,11세,2189,1098,1091
관악구,12세,2298,1180,1118
관악구,13세,2266,1135,1131
관악구,14세,2218,1153,1065
관악구,15세,2315,1210,1105
관악구,16세,2609,1330,1279
관악구,17세,2627,1324,1303
관악구,18세,2842,1425,1417
관악구,19세,3588,1754,1834
관악구,20세,4586,2155,2431
관악구,21세,5008,2233,2775
관악구,22세,6537,3011,3526
관악구,23세,8921,3895,5026
관악구,24세,10758,4782,5976
관악구,25세,12330,5615,6715
관악구,26세,14411,6954,7457
관악구,27세,14835,7460,7375
관악구,28세,15012,7842,7170
관악구,29세,14436,7809,6627
관악구,30세,13662,7594,6068
관악구,31세,12897,7142,5755
관악구,32세,11528,6523,5005
관악구,33세,9575,5446,4129
관악구,34세,8526,4838,3688
관악구,35세,7674,4347,3327
관악구,36세,6814,3846,2968
관악구,37세,6588,3640,2948
관악구,38세,6127,3425,2702
관악구,39세,5778,3202,2576
관악구,40세,6267,3416,2851
관악구,41세,6293,3436,2857
관악구,42세,6614,3577,3037
관악구,43세,6500,3562,2938
관악구,44세,6431,3484,2947
관악구,45세,5546,2952,2594
관악구,46세,5676,3016,2660
관악구,47세,5550,2931,2619
관악구,48세,5792,3072,2720
관악구,49세,6234,3267,2967
관악구,50세,6693,3460,3233
관악구,51세,6844,3601,3243
관악구,52세,6956,3668,3288
관악구,53세,7025,3641,3384
관악구,54세,6854,3581,3273
관악구,55세,6768,3382,3386
관악구,56세,6307,3109,3198
관악구,57세,5962,3013,2949
관악구,58세,6152,3128,3024
관악구,59세,6314,3147,3167
관악구,60세,5588,2823,2765
관악구,61세,6593,3271,3322
관악구,62세,6245,3026,3219
관악구,63세,6988,3248,3740
관악구,64세,6687,3125,3562
관악구,65세,6121,2910,3211
관악구,66세,5852,2689,3163
관악구,67세,5408,2503,2905
관악구,68세,5507,2530,2977
관악구,69세,5619,2509,3110
관악구,70세,4455,1969,2486
관악구,71세,4514,2019,2495
관악구,72세,4235,1953,2282
관악구,73세,3820,1729,2091
관악구,74세,4165,1869,2296
관악구,75세,3848,1685,2163
관악구,76세,3836,1707,2129
관악구,77세,3756,1649,2107
관악구,78세,2631,1157,1474
관악구,79세,2780,1219,1561
관악구,80세,2648,1145,1503
관악구,81세,3057,1416,1641
관악구,82세,2663,1185,1478
관악구,83세,2003,853,1150
관악구,84세,1750,769,981
관악구,85세,1569,649,920
관악구,86세,1267,515,752
관악구,87세,1026,375,651
관악구,88세,819,321,498
관악구,89세,673,238,435
관악구,90세,497,169,328
관악구,91세,361,111,250
관악구,92세,299,88,211
관악구,93세,226,54,172
관악구,94세,160,32,128
관악구,95세,134,26,108
관악구,96세,92,20,72
관악구,97세,63,14,49
관악구,98세,24,5,19
관악구,99세,23,2,21
관악구,100세 이상,57,10,47
서초구,계,407596,193966,213630
서초구,0세,1635,863,772
서초구,1세,1867,970,897
서초구,2세,2131,1109,1022
서초구,3세,2244,1122,1122
서초구,4세,2403,1273,1130
서초구,5세,2739,1449,1290
서초구,6세,3038,1549,1489
서초구,7세,3389,1755,1634
서초구,8세,3868,1900,1968
서초구,9세,3998,2016,1982
서초구,10세,4152,2136,2016
서초구,11세,4624,2336,2288
서초구,12세,4573,2322,2251
서초구,13세,4755,2424,2331
서초구,14세,4540,2258,2282
서초구,15세,4506,2319,2187
서초구,16세,4755,2350,2405
서초구,17세,4357,2211,2146
서초구,18세,4059,2029,2030
서초구,19세,4201,2089,2112
서초구,20세,4256,2110,2146
서초구,21세,3988,1984,2004
서초구,22세,4084,1952,2132
서초구,23세,4772,2191,2581
서초구,24세,4879,2235,2644
서초구,25세,5045,2354,2691
서초구,26세,5410,2546,2864
서초구,27세,5525,2618,2907
서초구,28세,5801,2727,3074
서초구,29세,5940,2822,3118
서초구,30세,5939,2876,3063
서초구,31세,6069,2908,3161
서초구,32세,6018,2804,3214
서초구,33세,5709,2749,2960
서초구,34세,5344,2535,2809
서초구,35세,5643,2553,3090
서초구,36세,5438,2420,3018
서초구,37세,5509,2456,3053
서초구,38세,5610,2544,3066
서초구,39세,5656,2533,3123
서초구,40세,6471,2978,3493
서초구,41세,6790,3126,3664
서초구,42세,7461,3418,4043
서초구,43세,7561,3486,4075
서초구,44세,7713,3501,4212
서초구,45세,6930,3129,3801
서초구,46세,7138,3280,3858
서초구,47세,7044,3337,3707
서초구,48세,7184,3365,3819
서초구,49세,7309,3525,3784
서초구,50세,7738,3705,4033
서초구,51세,7664,3710,3954
서초구,52세,7590,3766,3824
서초구,53세,7545,3762,3783
서초구,54세,7025,3599,3426
서초구,55세,6564,3292,3272
서초구,56세,5903,2891,3012
서초구,57세,5151,2556,2595
서초구,58세,5255,2603,2652
서초구,59세,5312,2583,2729
서초구,60세,4929,2376,2553
서초구,61세,5084,2476,2608
서초구,62세,4881,2280,2601
서초구,63세,5205,2417,2788
서초구,64세,5051,2305,2746
서초구,65세,4887,2290,2597
서초구,66세,4788,2249,2539
서초구,67세,4551,2033,2518
서초구,68세,4394,2001,2393
서초구,69세,4509,2068,2441
서초구,70세,3792,1686,2106
서초구,71세,3728,1660,2068
서초구,72세,3015,1360,1655
서초구,73세,2849,1307,1542
서초구,74세,3143,1419,1724
서초구,75세,2978,1368,1610
서초구,76세,3016,1332,1684
서초구,77세,2824,1318,1506
서초구,78세,2059,924,1135
서초구,79세,2032,980,1052
서초구,80세,1856,876,980
서초구,81세,1970,963,1007
서초구,82세,1779,849,930
서초구,83세,1321,614,707
서초구,84세,1213,552,661
서초구,85세,1039,452,587
서초구,86세,893,392,501
서초구,87세,832,342,490
서초구,88세,669,274,395
서초구,89세,605,220,385
서초구,90세,440,145,295
서초구,91세,364,135,229
서초구,92세,260,78,182
서초구,93세,211,51,160
서초구,94세,156,48,108
서초구,95세,153,46,107
서초구,96세,99,24,75
서초구,97세,59,12,47
서초구,98세,49,12,37
서초구,99세,30,10,20
서초구,100세 이상,66,13,53
강남구,계,554651,265347,289304
강남구,0세,2281,1167,1114
강남구,1세,2193,1170,1023
강남구,2세,2426,1232,1194
강남구,3세,2581,1303,1278
강남구,4세,2864,1500,1364
강남구,5세,3253,1718,1535
강남구,6세,3817,2007,1810
강남구,7세,4279,2137,2142
강남구,8세,4829,2444,2385
강남구,9세,5330,2772,2558
강남구,10세,5594,2969,2625
강남구,11세,6390,3357,3033
강남구,12세,6712,3555,3157
강남구,13세,6932,3618,3314
강남구,14세,6249,3256,2993
강남구,15세,6413,3358,3055
강남구,16세,6881,3563,3318
강남구,17세,6249,3222,3027
강남구,18세,5632,2947,2685
강남구,19세,5759,2969,2790
강남구,20세,5714,2933,2781
강남구,21세,5130,2535,2595
강남구,22세,5201,2517,2684
강남구,23세,6457,3010,3447
강남구,24세,6327,2906,3421
강남구,25세,6783,3170,3613
강남구,26세,7443,3330,4113
강남구,27세,7723,3499,4224
강남구,28세,8268,3859,4409
강남구,29세,8520,4075,4445
강남구,30세,8714,4200,4514
강남구,31세,8789,4279,4510
강남구,32세,8745,4122,4623
강남구,33세,8071,3967,4104
강남구,34세,7851,3691,4160
강남구,35세,7743,3631,4112
강남구,36세,7258,3300,3958
강남구,37세,7594,3504,4090
강남구,38세,7771,3510,4261
강남구,39세,7785,3465,4320
강남구,40세,8923,4002,4921
강남구,41세,9575,4192,5383
강남구,42세,10353,4604,5749
강남구,43세,10520,4673,5847
강남구,44세,10874,4965,5909
강남구,45세,10182,4634,5548
강남구,46세,10040,4661,5379
강남구,47세,10191,4799,5392
강남구,48세,10039,4781,5258
강남구,49세,10140,4923,5217
강남구,50세,10332,5073,5259
강남구,51세,10272,5033,5239
강남구,52세,10203,5152,5051
강남구,53세,9984,5076,4908
강남구,54세,9360,4783,4577
강남구,55세,8698,4389,4309
강남구,56세,7554,3717,3837
강남구,57세,6891,3462,3429
강남구,58세,7056,3526,3530
강남구,59세,6906,3393,3513
강남구,60세,6682,3243,3439
강남구,61세,6700,3291,3409
강남구,62세,6371,3113,3258
강남구,63세,6853,3137,3716
강남구,64세,6546,3034,3512
강남구,65세,6336,2905,3431
강남구,66세,6462,2939,3523
강남구,67세,6137,2765,3372
강남구,68세,5932,2624,3308
강남구,69세,6083,2713,3370
강남구,70세,5143,2270,2873
강남구,71세,5332,2394,2938
강남구,72세,4190,1887,2303
강남구,73세,3827,1750,2077
강남구,74세,4166,1821,2345
강남구,75세,4104,1917,2187
강남구,76세,3900,1827,2073
강남구,77세,3904,1809,2095
강남구,78세,2675,1293,1382
강남구,79세,2729,1334,1395
강남구,80세,2459,1160,1299
강남구,81세,2433,1205,1228
강남구,82세,2216,1042,1174
강남구,83세,1761,828,933
강남구,84세,1478,664,814
강남구,85세,1396,654,742
강남구,86세,1171,489,682
강남구,87세,953,383,570
강남구,88세,860,326,534
강남구,89세,697,232,465
강남구,90세,579,192,387
강남구,91세,426,125,301
강남구,92세,369,107,262
강남구,93세,285,76,209
강남구,94세,239,67,172
강남구,95세,172,37,135
강남구,96세,134,28,106
강남구,97세,114,25,89
강남구,98세,57,13,44
강남구,99세,37,1,36
강남구,100세 이상,99,22,77
송파구,계,653447,313669,339778
송파구,0세,2792,1416,1376
송파구,1세,3146,1577,1569
송파구,2세,3485,1827,1658
송파구,3세,3692,1864,1828
송파구,4세,3962,2070,1892
송파구,5세,4219,2231,1988
송파구,6세,4606,2350,2256
송파구,7세,5316,2804,2512
송파구,8세,5711,2951,2760
송파구,9세,5620,2884,2736
송파구,10세,5422,2770,2652
송파구,11세,6088,3070,3018
송파구,12세,5923,3048,2875
송파구,13세,6041,3132,2909
송파구,14세,5558,2785,2773
송파구,15세,5550,2812,2738
송파구,16세,6037,3047,2990
송파구,17세,5611,2793,2818
송파구,18세,5299,2693,2606
송파구,19세,5529,2875,2654
송파구,20세,5857,3006,2851
송파구,21세,5672,2864,2808
송파구,22세,6212,3105,3107
송파구,23세,7594,3514,4080
송파구,24세,8127,3714,4413
송파구,25세,8480,3801,4679
송파구,26세,9550,4275,5275
송파구,27세,10160,4604,5556
송파구,28세,10985,5126,5859
송파구,29세,11020,5283,5737
송파구,30세,11634,5519,6115
송파구,31세,11567,5608,5959
송파구,32세,11577,5435,6142
송파구,33세,10581,5072,5509
송파구,34세,10282,4928,5354
송파구,35세,10365,5014,5351
송파구,36세,9729,4697,5032
송파구,37세,9755,4613,5142
송파구,38세,10039,4767,5272
송파구,39세,9795,4614,5181
송파구,40세,10727,5172,5555
송파구,41세,11291,5409,5882
송파구,42세,11667,5637,6030
송파구,43세,11528,5565,5963
송파구,44세,11444,5465,5979
송파구,45세,10088,4828,5260
송파구,46세,9787,4713,5074
송파구,47세,9503,4647,4856
송파구,48세,9603,4687,4916
송파구,49세,10125,5086,5039
송파구,50세,10511,5063,5448
송파구,51세,10650,5090,5560
송파구,52세,10962,5265,5697
송파구,53세,10922,5328,5594
송파구,54세,10360,5070,5290
송파구,55세,10489,5083,5406
송파구,56세,9558,4570,4988
송파구,57세,8841,4242,4599
송파구,58세,9343,4541,4802
송파구,59세,9306,4469,4837
송파구,60세,8556,4057,4499
송파구,61세,9804,4761,5043
송파구,62세,9282,4364,4918
송파구,63세,10219,4662,5557
송파구,64세,9685,4457,5228
송파구,65세,8989,4244,4745
송파구,66세,8842,4133,4709
송파구,67세,8248,3791,4457
송파구,68세,8169,3816,4353
송파구,69세,8277,3809,4468
송파구,70세,6384,2958,3426
송파구,71세,6558,3128,3430
송파구,72세,5331,2614,2717
송파구,73세,4762,2228,2534
송파구,74세,4933,2429,2504
송파구,75세,4676,2239,2437
송파구,76세,4552,2240,2312
송파구,77세,4363,2107,2256
송파구,78세,2967,1400,1567
송파구,79세,2991,1466,1525
송파구,80세,2718,1273,1445
송파구,81세,2861,1341,1520
송파구,82세,2593,1220,1373
송파구,83세,1950,849,1101
송파구,84세,1728,712,1016
송파구,85세,1473,603,870
송파구,86세,1348,529,819
송파구,87세,1148,436,712
송파구,88세,1011,336,675
송파구,89세,864,281,583
송파구,90세,682,192,490
송파구,91세,538,136,402
송파구,92세,433,94,339
송파구,93세,301,75,226
송파구,94세,274,56,218
송파구,95세,209,48,161
송파구,96세,142,41,101
송파구,97세,114,22,92
송파구,98세,54,8,46
송파구,99세,40,10,30
송파구,100세 이상,85,16,69
강동구,계,461921,225525,236396
강동구,0세,2149,1096,1053
강동구,1세,2437,1245,1192
강동구,2세,2669,1390,1279
강동구,3세,2698,1371,1327
강동구,4세,2837,1419,1418
강동구,5세,3073,1629,1444
강동구,6세,3211,1689,1522
강동구,7세,3613,1899,1714
강동구,8세,3976,2039,1937
강동구,9세,4082,2096,1986
강동구,10세,3895,2042,1853
강동구,11세,4150,2192,1958
강동구,12세,4087,2152,1935
강동구,13세,4120,2199,1921
강동구,14세,3941,2061,1880
강동구,15세,4011,2105,1906
강동구,16세,4109,2236,1873
강동구,17세,3817,2073,1744
강동구,18세,3589,1880,1709
강동구,19세,3678,1897,1781
강동구,20세,3917,2026,1891
강동구,21세,3939,2003,1936
강동구,22세,4172,2088,2084
강동구,23세,5236,2551,2685
강동구,24세,5371,2516,2855
강동구,25세,5806,2683,3123
강동구,26세,6405,2921,3484
강동구,27세,6800,3177,3623
강동구,28세,7237,3424,3813
강동구,29세,7323,3604,3719
강동구,30세,7070,3435,3635
강동구,31세,7591,3765,3826
강동구,32세,7436,3686,3750
강동구,33세,6720,3326,3394
강동구,34세,6750,3318,3432
강동구,35세,6860,3415,3445
강동구,36세,6526,3241,3285
강동구,37세,6591,3200,3391
강동구,38세,6682,3364,3318
강동구,39세,6683,3261,3422
강동구,40세,7341,3673,3668
강동구,41세,7720,3758,3962
강동구,42세,8471,4178,4293
강동구,43세,8222,4086,4136
강동구,44세,8066,3956,4110
강동구,45세,7290,3610,3680
강동구,46세,6998,3515,3483
강동구,47세,6789,3463,3326
강동구,48세,6783,3470,3313
강동구,49세,7080,3588,3492
강동구,50세,7431,3654,3777
강동구,51세,7448,3711,3737
강동구,52세,7458,3759,3699
강동구,53세,7589,3794,3795
강동구,54세,7044,3420,3624
강동구,55세,7464,3672,3792
강동구,56세,6696,3235,3461
강동구,57세,6475,3159,3316
강동구,58세,6574,3290,3284
강동구,59세,6875,3235,3640
강동구,60세,6290,3044,3246
강동구,61세,7365,3529,3836
강동구,62세,6916,3266,3650
강동구,63세,8036,3738,4298
강동구,64세,7597,3504,4093
강동구,65세,6990,3258,3732
강동구,66세,6661,3187,3474
강동구,67세,6387,2887,3500
강동구,68세,6071,2785,3286
강동구,69세,6454,2979,3475
강동구,70세,4863,2260,2603
강동구,71세,5111,2397,2714
강동구,72세,4131,1962,2169
강동구,73세,3510,1709,1801
강동구,74세,3849,1789,2060
강동구,75세,3581,1692,1889
강동구,76세,3605,1710,1895
강동구,77세,3285,1566,1719
강동구,78세,2260,1095,1165
강동구,79세,2244,1075,1169
강동구,80세,2108,978,1130
강동구,81세,2314,1049,1265
강동구,82세,1970,873,1097
강동구,83세,1485,676,809
강동구,84세,1367,583,784
강동구,85세,1148,450,698
강동구,86세,998,365,633
강동구,87세,834,297,537
강동구,88세,718,240,478
강동구,89세,646,173,473
강동구,90세,451,127,324
강동구,91세,383,104,279
강동구,92세,310,70,240
강동구,93세,216,35,181
강동구,94세,215,50,165
강동구,95세,161,32,129
강동구,96세,92,16,76
강동구,97세,81,11,70
강동구,98세,42,7,35
강동구,99세,23,2,21
강동구,100세 이상,82,15,67
